877 1921
596 756
876 609
813 434
582 407
568 524
678 667
92 346
862 267
228 839
62 794
447 423
670 259
684 100
737 706
429 665
359 600
297 63
462 393
303 113
452 810
870 832
619 64
736 831
442 243
595 427
255 78
475 377
603 40
288 190
183 786
591 680
346 280
860 735
77 739
707 225
598 368
766 395
761 674
444 772
312 279
681 575
719 590
226 814
273 604
820 84
668 40
102 377
178 723
17 599
608 3
754 30
19 436
75 563
575 28
361 322
112 119
150 743
745 373
781 623
360 575
626 262
84 302
515 99
310 214
685 303
868 17
7 146
67 447
875 378
142 309
682 640
662 426
169 505
781 162
306 2
804 210
695 342
97 708
705 449
780 719
541 738
41 832
703 573
872 460
798 259
361 246
110 870
297 639
781 330
765 827
426 752
83 356
727 137
785 24
19 237
245 627
637 689
158 858
488 429
859 763
808 513
367 448
795 149
615 851
877 830
289 189
292 222
813 364
686 10
712 86
837 780
381 85
189 642
479 119
444 59
823 171
159 618
845 556
206 222
199 5
648 81
134 303
670 582
801 98
216 574
849 640
478 215
64 167
395 212
72 658
750 757
553 485
426 738
320 64
321 118
633 861
573 107
331 576
8 104
394 288
693 140
654 82
639 560
177 769
129 264
560 628
831 500
395 518
105 551
162 688
771 717
187 111
482 459
798 543
525 315
175 646
767 301
787 589
440 502
204 828
300 558
409 842
269 376
28 16
631 20
320 715
659 138
381 143
455 215
38 837
214 812
587 35
570 105
537 301
791 526
617 50
581 92
396 163
547 85
706 639
78 546
103 494
456 364
439 552
135 665
741 457
464 773
134 596
412 637
469 636
753 126
292 27
77 422
774 25
361 760
70 144
401 495
663 101
577 748
658 90
588 338
843 218
82 213
375 18
175 241
419 525
576 697
738 821
302 296
391 723
790 257
822 145
590 813
511 847
478 43
351 827
753 307
671 663
49 396
112 39
330 447
209 9
192 436
412 732
452 443
558 110
687 740
559 659
11 530
854 127
624 486
793 740
114 674
377 825
11 54
213 521
770 204
2 687
314 688
260 276
117 370
559 442
362 672
174 156
340 215
379 116
127 265
476 535
349 458
136 233
158 69
720 402
28 491
605 511
437 638
39 83
739 210
505 619
134 365
350 786
95 135
758 822
27 111
605 129
592 122
65 798
155 195
51 872
347 600
611 641
423 24
841 369
352 183
104 450
605 702
90 32
327 333
38 768
737 324
812 735
359 243
600 151
546 35
285 676
658 523
449 525
654 743
605 11
95 536
742 817
235 39
71 768
720 287
423 557
800 76
194 343
186 461
602 142
287 713
315 528
85 682
452 629
788 548
169 858
431 476
362 262
328 394
6 824
744 156
568 532
644 92
22 13
763 332
263 647
452 375
664 706
484 160
503 766
173 248
806 765
644 293
528 160
231 671
365 650
104 98
217 773
139 696
800 772
769 326
820 207
486 703
754 198
275 396
405 102
248 843
374 821
768 726
491 164
704 51
784 566
853 815
626 521
22 31
854 450
412 843
164 658
182 337
366 690
371 847
195 592
784 565
733 90
541 189
599 625
103 326
126 488
734 861
695 457
399 60
40 499
757 607
351 279
782 40
533 537
126 92
481 333
504 79
776 257
419 38
169 504
652 451
102 740
123 609
327 76
543 303
579 424
119 355
449 198
513 810
546 828
693 630
148 512
757 4
6 183
245 229
154 145
249 226
222 388
849 233
650 593
314 344
136 758
565 733
162 192
426 382
37 56
39 721
339 101
105 509
592 361
178 536
719 208
408 500
809 461
736 723
220 771
10 507
489 806
271 282
245 635
207 495
621 235
198 324
515 642
845 706
537 689
258 466
651 92
139 694
470 487
111 649
239 452
115 842
461 842
225 705
9 10
801 323
578 23
293 573
211 701
362 691
457 375
450 673
141 416
806 324
826 213
618 675
780 518
107 128
92 33
609 393
493 840
225 384
498 606
308 511
86 701
221 606
477 756
793 243
777 316
745 663
140 49
771 734
113 624
698 443
801 236
292 398
543 95
518 5
763 808
828 261
208 703
62 174
615 172
431 127
373 780
537 849
611 64
61 692
387 705
88 718
711 414
435 717
203 632
509 269
72 353
227 402
731 514
842 515
805 669
348 344
566 271
415 111
536 281
816 500
616 484
160 226
311 773
809 110
593 380
526 856
344 803
457 691
660 419
255 132
310 593
565 37
748 267
217 847
752 185
183 391
742 178
854 600
619 510
359 364
55 2
832 144
226 163
524 766
725 272
176 357
215 344
146 87
256 374
862 545
866 326
479 489
233 105
124 67
126 84
643 714
693 430
772 648
78 679
579 331
174 152
229 537
41 275
439 679
243 661
339 594
286 640
318 586
84 262
28 539
655 772
863 673
665 29
555 590
541 488
68 495
659 763
185 128
519 31
354 793
632 652
757 704
445 575
525 336
453 122
272 506
810 573
243 97
134 686
212 247
68 28
660 546
419 769
8 831
268 144
622 67
102 189
217 536
731 345
14 839
436 830
541 515
577 343
506 131
211 644
691 219
285 523
9 690
340 396
516 803
59 133
811 120
759 141
795 754
363 625
394 142
35 197
125 510
865 356
425 445
178 872
582 849
489 550
385 312
760 509
279 860
858 451
714 793
570 447
552 606
827 145
664 32
391 663
305 708
197 708
61 337
105 317
858 229
659 492
606 464
842 449
737 253
615 598
725 627
263 622
94 578
686 858
511 385
571 574
624 29
400 668
22 649
367 253
403 812
423 586
858 546
417 741
636 24
420 741
535 214
44 774
635 263
66 534
506 420
750 789
18 661
546 41
46 780
768 686
293 83
59 304
560 763
213 711
220 229
629 79
502 817
127 25
70 355
316 32
167 273
485 778
463 197
692 400
107 746
364 270
44 652
327 652
431 93
804 406
237 712
440 534
25 759
51 627
771 289
726 168
251 709
106 320
52 644
75 877
572 549
367 155
621 463
314 75
133 283
559 36
508 856
144 49
260 146
247 471
170 86
814 392
83 53
763 352
32 757
292 740
480 455
669 406
778 760
619 865
641 253
809 710
663 665
386 423
689 6
275 438
302 389
136 597
200 85
261 484
229 819
809 407
855 728
803 346
552 68
735 427
221 167
297 148
173 633
329 752
99 519
854 661
15 269
384 736
666 317
404 276
613 685
252 110
315 800
496 476
621 552
43 180
234 835
663 86
643 366
220 786
305 222
601 182
823 692
771 67
257 396
421 11
210 356
786 435
624 7
808 391
827 287
334 328
872 740
817 744
529 806
107 318
720 867
628 372
171 480
135 563
234 183
464 586
535 628
78 544
154 519
429 617
749 416
567 441
550 740
312 40
222 32
81 519
286 470
509 802
701 78
26 326
796 870
326 194
116 813
263 224
531 871
682 793
493 603
758 850
119 527
86 97
695 729
312 361
492 745
806 564
662 135
99 688
693 238
362 773
156 328
522 284
439 414
453 305
418 245
39 857
261 654
832 838
653 530
69 278
568 86
18 446
529 64
719 364
576 347
50 526
34 139
608 401
71 750
772 516
167 321
43 831
26 876
238 501
226 782
193 418
621 588
515 566
276 702
759 706
763 625
825 483
404 571
594 140
873 385
468 21
678 128
238 763
705 230
428 874
557 299
306 436
43 837
52 320
749 678
101 127
239 359
297 389
670 428
176 428
451 175
203 392
748 369
287 706
112 531
315 86
135 270
678 266
311 872
850 176
235 25
146 756
663 19
375 171
626 167
682 430
411 873
213 301
585 204
15 27
537 369
829 627
557 676
9 553
395 23
622 58
165 283
538 400
636 671
584 472
288 186
770 754
109 761
520 778
230 279
505 193
451 157
877 169
325 582
116 716
301 56
838 284
514 638
861 597
610 215
261 858
797 174
800 291
748 41
750 701
633 338
464 62
852 255
526 722
781 634
166 182
372 718
50 366
248 548
851 792
827 169
699 732
169 396
743 398
263 320
149 579
705 371
319 536
710 689
110 541
793 720
338 706
543 83
789 63
242 828
245 332
510 96
184 615
6 513
462 696
342 338
757 338
26 716
190 859
124 30
363 389
255 206
809 310
408 46
597 132
869 623
729 52
747 437
40 847
421 510
247 113
637 414
801 205
30 834
569 89
808 308
661 553
147 610
793 261
64 649
836 500
638 359
683 363
524 729
726 549
570 171
366 462
295 427
527 315
25 35
810 659
405 413
355 383
347 169
699 739
601 484
340 565
659 410
144 50
146 714
147 440
293 68
222 783
512 690
612 611
121 668
105 231
766 236
469 815
787 28
436 182
147 262
222 212
494 793
209 65
624 463
227 120
743 259
836 743
181 481
399 21
408 590
279 768
708 502
356 547
30 804
517 867
115 18
26 782
262 488
598 315
485 140
441 737
408 695
635 584
507 317
200 387
441 484
442 474
621 3
504 324
452 172
97 628
226 484
228 448
413 732
270 229
274 814
223 752
407 404
580 55
31 599
474 589
98 464
211 358
33 397
528 219
536 520
116 216
843 33
577 93
761 424
210 606
482 155
653 235
606 789
736 158
646 421
687 699
121 43
698 259
57 556
479 182
658 555
735 92
868 38
250 5
215 585
716 549
42 1
104 346
340 411
799 465
431 715
324 76
143 873
679 476
4 212
758 383
703 31
608 598
525 65
433 41
364 186
27 455
465 728
871 543
819 22
30 734
127 149
19 606
439 228
620 26
54 270
162 47
648 595
314 126
138 694
91 823
705 429
45 836
104 170
675 798
324 474
347 107
807 42
274 786
723 65
321 738
323 742
274 15
517 722
556 44
228 828
303 232
698 711
401 144
225 853
835 12
600 594
160 473
236 870
310 558
435 254
534 308
207 823
10 551
183 661
203 180
187 811
441 84
387 496
448 317
90 632
414 865
700 400
60 55
266 312
243 11
741 195
119 612
621 802
358 712
735 527
722 752
62 426
73 390
787 523
700 312
795 20
433 672
427 69
144 226
225 444
355 816
337 877
569 535
864 213
593 519
38 87
232 287
50 839
506 200
700 141
264 538
376 542
174 450
253 754
537 280
520 352
466 755
354 785
458 675
213 545
837 727
507 630
557 216
5 139
691 4
30 104
875 499
165 282
612 696
688 152
265 185
345 459
571 14
668 370
373 840
615 249
817 130
378 389
574 152
490 112
771 340
862 829
618 92
470 138
773 543
797 275
348 480
529 638
109 347
404 166
82 533
268 854
397 566
76 251
186 535
757 280
321 228
820 202
469 778
586 407
516 175
427 515
656 495
306 159
346 6
350 155
426 549
489 451
167 133
872 668
513 767
796 764
585 119
110 239
239 274
293 518
744 244
16 15
623 595
827 508
518 549
215 442
432 868
625 331
218 675
458 441
544 869
855 443
695 793
701 562
336 95
592 800
354 88
407 653
820 816
638 197
307 415
560 579
830 770
505 640
107 340
112 153
720 19
50 794
816 499
355 463
360 461
624 457
76 876
478 267
597 292
51 128
70 177
522 62
38 643
628 167
573 738
8 263
669 46
344 521
97 471
78 791
848 515
135 34
841 227
1 599
705 463
541 865
198 758
46 134
814 401
529 810
326 518
74 460
427 699
90 659
201 282
534 633
742 427
463 67
838 576
433 723
611 454
574 175
765 251
161 408
141 791
863 745
370 357
672 614
180 873
90 401
478 365
521 177
742 467
276 669
832 38
389 463
720 652
347 768
495 391
217 567
490 767
135 365
756 163
369 231
406 620
523 137
390 553
140 197
635 449
450 778
136 47
526 305
617 390
183 285
619 545
436 329
715 18
525 472
204 223
90 270
103 712
676 608
143 268
396 37
565 1
758 380
333 799
597 178
266 521
625 732
846 121
449 104
216 856
640 319
806 364
403 331
23 269
838 541
325 268
240 130
828 802
730 301
732 89
861 379
478 608
481 204
572 399
645 800
563 244
502 288
345 637
590 69
230 35
783 616
551 874
462 619
2 702
109 857
473 760
644 100
441 812
372 423
323 125
361 178
517 765
519 35
5 575
64 783
486 668
821 279
552 447
390 283
726 412
529 78
415 520
507 635
735 526
629 23
22 495
613 792
434 489
821 646
93 367
408 745
816 363
751 405
765 455
712 368
306 660
700 722
495 56
177 852
335 264
444 7
512 481
125 369
458 490
253 362
45 645
601 647
283 871
582 706
163 326
91 229
717 105
55 582
746 459
68 723
108 493
476 585
479 716
150 612
409 156
179 170
55 868
702 225
7 367
15 735
805 590
685 232
635 520
258 851
606 492
471 837
476 721
189 585
339 14
839 94
803 521
127 868
802 620
403 190
262 306
219 224
491 647
351 434
480 756
136 374
410 310
838 222
606 241
382 42
633 469
353 800
797 165
177 114
233 877
851 833
507 756
474 65
9 791
672 358
16 847
206 555
178 418
771 308
865 228
449 423
752 205
742 838
872 225
817 413
167 95
595 474
303 154
290 787
537 774
541 298
341 734
609 330
699 639
132 735
758 447
256 689
658 610
532 341
826 61
368 296
189 310
729 212
785 171
866 381
784 536
55 838
16 7
736 406
294 168
441 868
262 65
483 685
46 423
84 862
361 311
358 803
218 683
590 462
775 822
388 52
470 151
567 383
734 78
19 240
607 659
315 805
207 671
309 721
666 345
613 126
617 800
407 645
218 214
436 1
455 306
863 177
701 865
743 607
780 112
106 253
455 116
272 399
505 454
363 477
252 853
808 179
258 802
165 176
574 212
154 124
802 672
151 551
137 730
335 539
766 320
245 866
648 697
666 245
82 12
191 516
673 269
747 841
145 180
458 760
298 474
855 376
654 171
720 195
771 236
111 407
559 832
817 756
837 83
70 564
617 761
568 807
239 643
257 16
205 133
528 288
229 730
517 413
171 711
375 575
555 32
222 625
482 706
566 127
472 415
843 877
235 414
172 647
251 851
224 447
632 406
499 42
634 390
694 834
808 55
792 198
81 747
583 574
692 156
107 374
676 643
704 151
1 850
31 583
285 776
164 687
783 601
829 768
460 767
220 756
599 591
764 480
194 355
676 287
419 664
622 683
809 267
630 839
151 129
542 409
818 203
305 431
493 600
738 274
163 18
138 25
856 74
233 300
424 699
683 697
617 748
670 833
412 388
269 611
847 138
578 650
764 161
712 348
777 128
427 836
91 499
112 481
721 291
464 207
283 447
416 540
647 588
635 146
410 483
340 427
324 45
218 101
456 125
772 419
712 6
594 191
205 169
634 403
2 127
573 703
392 596
267 731
362 666
329 818
594 481
7 661
252 791
41 279
817 12
437 593
472 576
767 768
130 432
281 690
29 396
453 601
384 677
98 792
245 364
327 585
853 50
726 800
329 827
436 249
245 285
31 571
505 576
848 152
677 395
398 164
1 208
101 692
122 196
872 203
129 180
523 862
582 92
765 724
567 808
535 852
455 755
77 167
404 489
225 668
781 191
767 764
423 12
374 368
447 154
487 766
220 512
428 631
64 187
460 563
133 467
707 872
315 287
680 269
804 164
539 74
632 781
708 280
545 733
658 395
114 54
796 29
198 670
351 771
312 423
717 835
94 35
370 536
586 673
774 527
443 854
589 79
755 155
495 554
5 174
395 856
787 404
474 300
704 533
753 223
541 633
871 552
88 650
866 639
615 152
420 39
265 823
812 297
650 220
669 641
491 808
344 604
775 121
484 204
801 636
470 476
185 169
739 472
423 48
873 306
697 797
699 393
205 301
598 186
88 634
238 128
420 483
666 455
467 684
121 348
764 88
838 201
569 683
626 89
476 477
205 15
723 123
669 384
712 189
847 218
595 53
563 489
549 646
111 863
439 852
243 79
777 267
376 439
138 826
505 840
420 640
616 55
462 286
851 816
302 676
476 468
538 4
539 190
540 237
561 763
385 570
650 102
265 663
532 6
843 501
153 726
758 192
855 735
804 595
471 215
249 801
430 405
86 70
560 525
348 194
4 535
439 736
243 483
393 24
229 727
312 539
18 525
775 513
425 533
651 181
567 430
36 121
293 219
794 13
540 76
548 425
717 462
596 670
834 23
502 370
794 441
288 127
275 513
802 44
208 710
698 380
465 59
480 869
744 210
213 369
595 5
491 594
219 534
864 150
682 357
349 594
711 856
571 679
347 177
332 496
99 560
813 489
445 207
725 178
417 35
329 590
364 366
621 403
42 483
110 183
54 17
241 65
34 408
827 534
419 517
629 532
353 163
669 381
488 334
341 23
803 747
756 838
43 46
393 632
48 760
571 410
821 68
306 838
437 467
336 269
727 644
18 847
369 331
655 54
28 47
675 627
208 683
684 252
765 350
825 614
788 350
423 261
761 1
785 273
823 377
511 619
614 422
179 248
327 574
274 19
224 479
574 467
632 747
859 97
54 269
225 430
120 783
526 667
526 257
657 867
54 518
577 802
318 97
286 437
551 518
199 877
517 845
542 863
302 142
110 317
868 873
22 583
684 318
115 278
101 348
672 701
453 4
440 722
425 469
652 601
693 100
812 41
315 515
412 721
748 689
347 601
497 340
23 73
686 172
212 134
499 583
270 436
491 524
210 750
45 237
624 776
45 679
783 785
473 458
358 451
662 537
817 382
51 293
197 334
43 242
