1000 9882
270 447
135 693
384 782
812 326
120 730
251 996
489 575
151 761
405 729
924 831
370 126
873 961
350 907
69 239
346 754
40 569
402 64
321 48
792 631
408 940
316 781
777 485
274 281
847 628
623 89
136 591
550 651
378 933
597 974
601 395
767 274
344 156
307 272
678 257
83 313
466 339
948 527
116 669
940 920
641 526
604 925
700 47
847 424
297 516
887 955
598 714
969 26
970 805
899 355
244 2
712 756
604 290
236 926
720 815
666 141
903 168
28 946
693 756
451 249
508 35
957 779
997 814
391 997
305 364
282 459
295 649
718 200
120 349
124 317
547 349
612 730
205 28
569 265
732 819
788 109
57 477
573 957
623 272
526 729
871 696
30 488
12 851
161 15
881 696
351 276
119 280
512 22
475 728
668 489
449 421
450 918
735 451
203 242
76 124
313 406
118 451
523 519
119 62
464 629
925 280
116 9
786 62
939 484
763 248
156 970
711 120
342 997
554 181
443 670
834 325
49 571
895 892
967 419
351 137
58 827
265 983
250 255
87 896
908 802
729 331
897 535
771 106
554 614
900 654
353 111
481 146
879 942
495 183
701 203
857 600
631 113
605 202
348 85
130 128
723 3
546 536
174 329
177 411
128 142
951 19
276 281
918 856
922 279
712 895
908 262
343 451
412 291
422 982
278 618
854 949
651 667
708 417
501 1000
137 727
724 637
543 475
945 888
341 607
453 673
347 162
310 810
979 553
543 360
876 999
530 712
824 341
95 742
591 749
631 464
156 362
393 104
583 589
626 240
293 655
42 385
540 640
43 984
190 25
816 600
868 559
412 51
731 279
15 86
473 11
809 673
938 71
333 527
887 104
65 209
542 349
57 642
659 99
735 180
786 419
29 875
777 428
658 473
491 296
532 578
237 324
942 609
943 392
937 21
30 787
623 624
575 765
726 891
991 269
60 161
888 546
275 279
448 131
736 598
678 329
120 763
836 721
31 881
420 440
13 242
439 221
512 854
340 375
292 242
130 245
131 692
776 575
120 985
746 885
920 426
119 894
546 572
802 914
659 775
509 106
182 176
702 939
558 463
955 225
884 185
522 388
297 911
634 928
854 977
323 907
513 207
608 203
800 512
132 675
116 850
209 16
621 971
488 217
343 410
94 853
864 788
556 58
333 495
962 481
247 361
618 271
727 163
638 842
380 78
732 283
220 551
470 59
55 919
42 466
446 48
178 658
621 382
968 560
109 426
626 20
535 818
864 737
114 448
588 444
835 288
673 461
626 103
496 128
665 865
260 67
213 609
86 213
469 727
576 559
424 332
596 546
818 548
806 608
855 515
678 56
700 704
424 475
23 365
601 61
711 64
770 562
899 842
795 109
27 7
212 9
529 441
731 831
207 71
919 4
600 114
531 804
785 224
514 446
792 984
387 284
889 84
144 7
31 789
408 444
379 915
13 347
197 14
738 290
832 803
707 689
107 273
783 952
475 277
628 341
305 30
6 278
33 627
417 412
687 275
14 966
612 961
684 310
742 68
284 932
211 764
653 493
784 356
306 664
474 342
735 502
392 534
955 269
668 962
101 213
638 900
612 551
388 553
542 846
660 157
243 301
797 260
891 489
564 561
102 592
360 15
489 685
290 326
212 907
263 633
637 182
881 387
860 603
864 542
39 470
260 257
541 52
604 325
492 282
790 913
868 205
18 246
545 38
484 758
624 601
178 570
492 169
535 967
976 358
687 709
687 760
527 99
765 564
179 401
491 355
671 63
832 421
649 209
687 873
36 310
237 268
330 958
627 956
921 753
188 304
389 615
943 64
179 175
680 648
832 323
5 535
961 865
320 23
585 525
178 77
454 422
426 104
648 373
905 618
174 993
430 79
490 346
453 86
751 391
463 13
432 351
306 376
842 134
647 903
974 955
776 616
465 665
727 705
325 445
988 275
617 559
465 298
112 661
44 234
63 606
232 602
970 516
385 154
261 615
341 713
653 503
253 45
868 734
794 665
561 178
764 927
983 255
819 838
769 429
992 274
902 387
669 396
172 868
817 409
285 387
103 700
629 724
545 375
910 569
186 683
259 264
710 392
894 635
643 815
937 526
223 361
354 392
51 61
161 360
609 874
375 512
562 820
764 434
551 492
576 760
355 159
191 493
263 912
692 6
344 428
659 41
843 946
716 188
403 757
93 416
147 760
335 359
728 193
468 68
386 775
517 351
867 278
721 775
527 906
184 738
888 630
891 637
662 790
595 369
353 110
625 369
799 411
838 183
790 74
828 505
747 514
116 443
300 834
638 256
200 725
457 873
831 667
300 209
999 465
654 724
324 223
685 877
37 766
884 55
120 647
176 94
267 105
414 488
491 727
784 428
551 622
646 838
318 663
689 481
12 530
824 632
599 902
765 455
837 586
750 357
876 992
384 856
4 529
993 708
264 702
319 920
546 76
398 297
624 76
823 536
350 293
982 187
51 583
958 862
251 787
204 95
208 922
942 789
778 282
617 498
319 894
531 958
849 809
460 256
754 284
666 842
886 801
407 376
653 576
40 897
882 696
187 978
207 543
598 196
925 620
770 559
992 739
75 185
501 111
88 60
874 265
623 125
778 801
37 350
629 276
596 195
135 577
546 1000
417 804
218 933
58 574
813 318
260 706
889 40
70 297
258 447
742 383
945 223
287 56
861 67
555 792
913 758
552 920
463 283
376 179
457 918
441 505
956 424
794 319
233 127
400 626
37 867
188 753
840 32
693 804
505 763
461 40
627 743
427 984
194 997
176 344
358 688
767 732
919 927
285 75
638 843
915 812
518 123
96 638
404 303
171 108
299 435
175 449
64 337
17 902
859 155
792 208
904 394
925 12
730 100
911 201
90 455
954 620
648 911
21 915
27 474
854 13
500 954
462 881
791 532
994 640
894 9
227 51
763 69
484 674
271 332
311 691
347 762
75 409
961 122
517 194
490 562
757 528
443 616
887 365
47 90
286 998
655 283
235 778
74 388
717 750
117 482
870 736
905 508
374 499
675 914
715 405
41 230
539 99
776 367
853 271
144 233
953 901
602 474
93 138
165 781
801 797
253 964
988 409
731 567
528 414
767 47
550 515
572 975
153 111
253 806
89 829
201 347
864 501
685 249
597 822
189 908
836 891
427 277
174 467
861 472
572 813
528 203
750 946
618 78
802 153
171 426
46 926
859 985
958 927
688 239
392 444
142 712
470 213
405 773
533 505
169 558
276 790
924 906
191 133
618 755
768 850
733 706
147 35
484 258
26 976
123 160
158 481
445 427
256 633
209 575
818 630
741 347
916 247
656 674
526 174
711 150
644 93
41 32
525 974
24 39
961 247
729 83
572 431
221 311
502 256
140 259
715 433
299 913
404 760
44 679
282 220
211 238
193 399
286 764
795 127
723 779
117 24
135 905
966 300
514 165
272 312
550 559
847 91
940 655
797 818
837 17
390 754
222 735
794 452
559 580
891 653
626 695
867 919
979 817
727 407
372 622
824 750
897 102
718 206
96 361
82 340
854 542
671 188
716 539
699 815
752 784
674 483
282 201
163 634
247 336
447 178
323 352
215 950
308 212
863 548
6 375
544 586
14 650
433 909
882 32
60 740
962 200
467 730
138 902
584 682
426 961
860 687
610 694
761 706
118 449
411 995
764 435
142 113
15 237
388 465
467 568
873 733
730 382
127 482
850 524
467 425
765 840
914 152
496 439
252 197
882 631
131 47
630 249
758 34
889 305
253 682
40 83
900 761
226 354
101 886
405 339
692 635
514 359
734 218
409 179
727 887
361 682
583 499
455 892
67 940
633 22
600 329
508 574
609 13
151 366
706 845
909 936
767 884
561 598
399 558
92 44
438 64
370 394
172 404
5 41
550 543
68 472
589 549
409 937
665 45
461 946
462 501
615 273
286 39
17 752
788 301
147 415
423 506
997 977
689 480
506 924
862 773
684 29
507 314
169 725
388 881
375 227
251 817
848 429
151 690
208 12
636 452
892 62
621 664
623 190
521 362
464 309
941 829
30 740
677 535
659 244
75 461
155 341
372 981
691 647
761 591
613 726
799 917
47 208
375 295
621 75
606 747
94 213
647 781
710 387
113 461
500 443
616 484
85 183
824 513
877 259
662 721
610 158
538 419
296 74
244 896
444 194
320 80
292 30
519 841
900 733
978 749
944 933
883 664
867 800
349 76
244 166
540 411
905 818
893 527
67 816
110 779
993 89
595 509
245 316
83 209
201 190
311 656
889 777
192 471
926 646
905 289
380 644
396 594
667 550
339 409
547 92
641 391
962 733
335 589
746 164
271 757
826 124
223 748
626 758
299 148
63 575
358 689
343 199
879 497
644 689
975 514
190 334
546 254
674 43
312 216
475 868
663 865
483 337
674 154
286 923
972 923
544 626
160 139
413 343
440 235
185 796
415 850
199 187
402 91
190 906
429 690
87 518
145 251
42 133
907 895
910 50
274 304
924 675
207 498
105 942
967 468
623 662
93 487
995 791
689 672
562 686
304 642
838 323
567 643
749 284
150 565
421 257
598 451
378 878
14 688
164 229
700 407
978 49
273 173
607 416
865 193
188 850
664 224
654 627
892 970
572 968
760 344
301 94
193 893
413 548
83 493
953 727
475 279
292 871
422 818
940 827
443 245
599 598
680 264
976 623
686 290
764 518
249 567
656 273
968 3
878 994
660 441
210 733
941 304
745 183
194 599
360 339
548 406
586 545
91 453
54 203
438 298
59 675
498 449
65 674
86 728
548 485
286 670
655 996
53 50
950 288
163 558
310 899
319 979
581 524
341 887
413 394
949 104
552 922
474 136
649 356
8 380
583 535
640 353
498 901
562 782
406 865
873 599
195 639
865 839
824 71
907 680
1000 765
161 541
154 17
585 674
734 477
40 233
166 409
294 674
80 730
295 992
848 735
230 703
845 412
306 231
404 572
352 297
297 504
473 733
737 954
700 42
830 670
108 791
641 700
714 474
399 676
754 971
291 191
624 419
861 394
50 852
41 669
315 490
309 760
936 910
149 111
393 693
730 630
766 104
982 240
256 107
610 646
584 239
432 876
660 204
112 964
389 338
927 982
399 137
790 935
940 355
464 44
851 712
138 165
485 330
858 244
414 846
473 274
551 827
458 710
904 500
479 876
477 651
912 943
68 565
217 789
18 679
333 663
209 393
545 87
473 44
401 319
311 980
238 876
76 127
631 239
189 312
213 434
434 385
113 198
706 117
834 190
209 513
591 68
809 189
237 349
661 779
613 514
999 553
456 951
74 330
772 15
386 862
39 568
652 886
118 19
147 784
521 981
643 378
331 454
705 213
135 718
108 236
326 191
684 805
757 233
765 551
875 146
979 144
451 555
658 967
668 740
475 433
519 522
576 68
485 794
714 596
415 29
954 321
884 898
352 19
923 582
961 655
546 535
710 770
324 217
770 431
20 690
681 536
610 901
11 17
785 746
111 864
119 693
559 968
364 58
603 712
292 669
741 330
561 220
307 676
328 841
149 357
775 241
337 909
64 835
551 846
627 28
898 732
367 793
993 730
265 201
506 639
837 985
57 111
284 338
433 936
437 380
773 242
652 965
602 68
549 603
276 96
165 322
264 109
69 742
678 111
493 838
811 353
597 304
895 575
622 861
386 691
288 69
395 675
692 139
770 557
844 382
772 227
80 84
64 136
155 227
677 170
792 848
114 957
706 746
981 292
790 266
358 641
409 285
616 643
640 248
654 485
783 643
418 597
464 852
553 246
461 529
632 695
671 674
912 19
400 967
510 38
352 64
690 408
675 308
10 317
385 38
184 18
6 982
667 904
281 245
300 183
945 46
874 220
215 324
785 581
383 530
591 25
210 196
637 363
837 377
573 687
522 387
193 448
154 527
765 135
676 648
789 119
771 660
632 196
209 21
941 348
634 798
121 833
416 425
521 602
594 384
805 201
211 944
30 404
932 967
171 110
959 25
462 611
664 29
229 828
980 68
186 609
61 595
206 612
941 911
601 582
319 783
109 423
596 847
208 888
813 435
467 661
381 691
644 325
333 560
484 684
825 360
106 818
131 315
664 423
599 426
622 889
970 486
109 858
131 328
723 674
869 928
395 719
363 211
535 755
421 447
683 548
761 324
890 32
729 230
179 197
199 766
75 820
580 967
428 536
624 75
309 815
18 601
202 433
593 832
705 270
609 986
13 455
233 430
864 280
866 746
704 241
667 999
335 157
304 207
126 50
342 334
478 655
104 556
466 175
84 514
894 55
381 64
399 609
861 470
112 763
132 876
116 147
998 209
33 737
257 505
977 330
166 799
328 380
284 982
836 27
747 608
508 180
402 617
275 269
354 814
685 810
389 381
101 35
870 771
307 668
402 266
882 344
954 957
919 957
336 124
670 17
940 675
345 450
532 82
437 402
39 66
116 599
579 89
949 119
772 720
372 872
967 887
455 163
540 121
833 375
228 367
702 523
938 26
298 381
283 195
881 220
238 947
813 815
961 68
933 150
941 834
499 798
958 315
161 909
588 812
60 245
348 243
839 893
970 252
511 220
41 192
980 53
999 891
123 972
110 998
532 970
934 994
477 77
206 437
499 685
338 277
429 234
68 446
141 310
708 371
754 889
359 254
453 373
457 882
663 262
757 423
940 649
464 475
414 775
488 600
328 225
684 646
386 449
906 664
598 936
215 268
471 230
163 177
491 748
774 403
704 507
798 313
524 174
485 6
965 268
589 400
113 607
862 924
594 38
388 633
940 62
23 762
500 709
333 35
100 306
471 437
509 738
437 69
129 956
974 276
778 3
783 227
153 351
904 842
469 892
928 491
303 477
915 215
610 709
446 637
829 549
886 574
156 177
303 322
644 96
627 242
366 294
758 715
705 872
652 945
462 885
356 472
485 700
894 856
164 747
56 500
627 639
593 691
373 699
467 372
856 667
14 45
57 526
991 119
31 289
528 909
892 472
970 318
739 119
819 47
657 184
913 86
171 335
829 90
316 115
340 121
652 324
376 333
925 856
791 30
697 590
325 124
771 110
359 298
633 939
300 942
508 914
230 299
533 552
663 437
131 860
616 838
508 568
37 618
615 45
664 599
920 449
405 135
941 85
858 661
1 26
789 225
573 650
668 918
600 536
323 915
950 92
419 388
756 411
635 730
462 362
779 100
660 67
589 261
717 430
115 386
831 344
394 349
794 785
750 360
876 995
859 107
823 740
755 210
313 966
925 180
647 764
946 77
858 201
198 862
695 558
773 352
404 580
952 509
147 93
76 13
706 180
691 536
860 445
674 854
369 238
702 184
134 580
1000 280
416 953
623 414
627 603
222 285
331 515
479 502
673 263
696 224
476 664
683 938
23 325
939 452
154 8
585 744
572 482
717 711
187 580
44 843
552 150
389 700
178 129
222 206
924 342
598 421
835 789
819 440
982 580
993 381
921 327
995 731
541 731
466 279
145 746
952 646
576 50
945 323
417 682
670 208
561 307
465 742
763 693
784 94
528 676
371 204
12 380
487 674
440 595
439 799
813 110
280 643
162 535
695 78
861 354
646 662
742 343
771 197
159 285
876 801
920 251
668 873
855 501
466 731
987 37
134 228
82 685
601 683
870 829
916 478
573 993
975 957
85 193
308 142
797 824
116 739
652 29
809 624
962 14
30 710
549 638
734 570
844 46
317 426
449 18
606 496
623 434
227 887
811 332
454 156
221 703
653 754
47 103
801 583
985 226
605 729
986 589
970 374
364 169
404 822
991 476
294 644
631 869
909 473
575 457
515 370
952 580
718 795
524 752
442 932
224 346
981 930
785 373
401 147
735 761
116 335
338 193
357 611
175 598
810 851
410 556
944 673
998 207
305 153
179 640
128 958
435 810
602 402
334 476
944 304
533 834
898 321
827 109
632 3
315 305
999 363
422 530
82 367
413 245
219 10
155 802
68 829
738 981
121 973
384 771
134 426
47 598
690 803
489 546
425 458
134 482
427 372
375 90
911 46
580 128
208 381
99 29
670 466
469 243
970 392
554 75
539 437
260 178
616 256
504 538
127 344
57 325
984 147
985 254
342 589
382 622
865 400
244 587
168 874
891 801
670 799
451 787
89 674
734 82
925 883
295 883
978 691
979 246
970 991
532 954
809 347
956 158
357 903
291 105
821 689
461 681
908 488
845 209
624 421
254 96
491 606
917 406
42 816
684 647
845 181
712 840
841 932
219 840
992 456
371 53
308 642
483 687
210 141
105 97
432 159
811 925
295 260
889 545
102 456
378 732
834 585
262 998
210 431
147 354
789 799
669 313
798 71
542 48
324 714
272 933
534 973
544 589
372 734
449 271
359 772
223 341
925 497
857 299
731 270
937 387
928 202
285 963
472 246
808 100
527 67
307 36
328 479
868 451
778 983
265 760
621 245
126 685
812 302
607 38
972 353
443 661
724 258
874 659
816 809
255 408
365 584
403 983
425 883
27 963
47 396
866 990
114 859
692 582
625 429
894 630
330 259
667 128
425 557
619 139
802 681
24 537
775 670
337 438
706 985
783 847
220 101
903 378
852 354
124 521
513 452
676 944
749 806
833 426
993 910
67 379
547 165
96 153
370 280
524 339
72 402
93 548
775 98
7 244
544 728
508 530
381 361
208 225
138 244
659 283
897 402
437 457
857 168
378 435
397 587
308 90
936 986
575 36
869 327
342 201
439 155
131 432
938 64
710 732
792 517
886 2
782 96
553 312
496 71
204 904
525 310
991 805
853 21
868 174
390 856
528 633
696 319
715 493
473 970
644 935
882 765
550 313
884 595
169 338
725 462
107 10
109 696
992 948
365 846
667 876
672 518
543 861
3 356
187 3
667 797
851 104
585 147
373 500
999 96
358 104
654 517
689 214
141 607
126 103
475 189
976 646
331 945
242 755
280 44
906 800
138 438
896 246
239 34
361 47
376 516
341 638
930 45
814 890
162 456
95 547
367 206
812 457
856 873
103 704
986 500
406 692
811 131
110 23
677 316
114 106
850 566
355 876
240 476
76 50
117 938
27 478
469 109
604 760
754 173
403 607
961 461
946 539
210 7
23 954
448 343
212 304
808 471
169 3
117 381
192 940
853 802
505 155
779 807
834 390
709 554
936 458
277 606
829 129
581 480
446 851
503 646
434 907
309 813
71 450
787 629
992 993
960 79
871 411
140 121
123 915
646 866
37 463
405 363
98 751
571 701
232 837
603 886
395 141
610 370
774 651
311 510
71 516
144 282
236 944
93 985
591 78
573 495
791 588
499 414
300 149
102 9
799 125
110 516
388 752
28 987
512 708
675 48
129 180
119 639
210 783
789 905
977 473
669 419
768 924
661 207
721 988
315 911
462 722
375 823
466 756
915 844
461 377
976 174
484 925
711 590
181 923
953 114
116 704
190 75
801 38
894 979
111 463
80 145
378 671
781 749
375 458
506 407
215 637
398 7
184 143
915 264
365 321
256 667
166 178
743 684
598 145
123 371
851 691
179 5
92 994
592 282
903 828
795 223
373 967
818 852
585 679
239 994
407 898
691 15
490 308
680 796
862 36
260 608
620 110
398 754
607 368
870 994
88 278
254 391
952 703
538 184
960 218
942 94
468 481
676 14
813 277
519 688
79 201
852 335
128 923
222 707
560 958
44 231
103 324
589 573
475 229
955 191
594 149
318 621
305 358
860 240
474 311
592 638
993 977
133 696
334 219
797 705
447 472
103 554
343 27
371 598
573 838
10 4
543 370
746 266
381 309
994 768
721 56
398 342
682 933
775 428
856 976
229 882
527 319
195 318
696 547
824 302
57 193
851 811
411 886
237 56
630 561
389 787
804 853
714 756
566 637
694 550
588 29
312 864
344 433
867 63
283 94
195 890
2 506
758 439
904 898
598 300
529 491
469 488
677 179
36 781
493 530
465 845
822 771
477 630
677 4
843 356
331 584
973 921
376 335
560 928
179 940
978 618
405 306
226 465
923 317
597 718
945 293
167 547
241 960
576 71
515 555
172 370
709 405
214 797
215 460
241 849
826 896
187 87
211 349
804 961
676 945
89 889
222 703
727 454
709 183
231 695
569 988
207 551
695 100
902 326
831 612
119 694
559 981
729 954
664 64
520 408
537 239
646 827
464 237
814 765
105 237
233 928
916 85
185 197
662 433
224 685
685 880
654 776
968 828
203 985
169 729
719 561
669 284
726 471
29 125
638 675
110 120
203 950
369 386
5 244
722 390
786 622
281 277
48 601
855 166
18 257
237 139
683 113
647 730
191 302
23 369
865 787
26 647
562 981
688 536
394 671
549 553
470 354
293 491
613 722
856 377
73 802
18 946
717 628
477 719
740 299
984 221
737 428
749 419
17 106
466 574
572 508
563 227
265 612
26 477
154 436
173 504
108 211
623 860
188 219
748 387
435 562
640 878
296 876
653 144
861 45
310 349
511 500
41 568
461 671
746 895
304 294
103 174
140 948
951 476
811 681
404 769
335 287
279 579
928 907
72 209
804 226
827 67
149 51
334 113
176 127
949 604
92 163
384 108
975 744
505 886
660 272
916 250
29 831
391 696
507 365
513 114
146 637
144 54
846 238
815 769
162 243
471 383
352 349
8 757
246 549
941 635
34 825
340 457
574 679
572 215
13 717
360 823
165 402
332 389
623 36
298 245
910 276
458 511
403 338
523 581
13 943
86 239
235 739
627 569
331 212
648 146
77 552
522 695
908 604
838 677
895 988
442 826
755 379
984 185
753 844
607 121
611 122
888 981
834 391
886 659
411 378
32 885
676 422
453 930
956 918
633 775
779 951
265 936
127 21
737 801
254 386
390 615
616 738
602 957
178 754
93 54
560 272
596 83
390 758
389 74
858 902
505 726
632 520
991 914
435 587
325 340
280 875
10 444
11 973
304 81
323 847
106 69
823 106
699 56
120 217
263 179
619 257
718 247
647 201
996 509
873 398
927 873
720 503
167 804
941 701
871 572
358 593
696 512
739 674
78 368
336 127
523 165
392 417
53 479
309 164
722 447
600 927
134 373
751 952
368 703
940 409
857 461
251 106
345 225
762 594
981 820
535 989
251 211
686 131
541 172
490 896
420 939
973 513
248 690
800 89
640 562
715 86
38 505
296 232
47 5
930 42
308 599
311 432
403 957
781 176
622 634
278 170
61 282
339 936
527 557
641 918
339 25
801 828
552 102
6 627
867 559
117 148
945 137
288 856
1 273
771 789
813 402
724 787
68 351
141 533
328 228
955 65
22 376
831 754
484 495
175 842
277 822
115 141
894 417
552 674
441 165
251 714
140 561
215 111
11 292
413 72
162 200
994 769
415 4
793 474
617 913
265 209
211 877
987 331
518 68
603 172
19 15
440 56
761 852
905 18
544 702
772 31
983 313
731 256
720 31
619 535
834 11
730 496
588 30
401 204
682 87
647 919
451 51
9 77
601 861
238 722
702 663
41 502
1000 733
857 116
655 297
179 96
165 29
387 47
481 344
245 239
430 403
69 433
408 685
179 830
957 499
671 549
172 143
414 243
734 223
330 257
719 297
741 801
761 99
528 332
710 100
931 793
624 229
642 476
898 114
899 311
349 404
903 487
289 585
457 787
774 592
791 338
206 182
64 667
248 104
193 825
680 757
624 451
387 905
979 867
963 422
570 268
310 3
257 437
958 751
225 505
530 910
103 504
219 199
771 700
885 518
65 765
615 413
798 135
8 587
741 455
744 309
245 776
983 14
51 663
24 245
464 12
545 277
985 606
233 705
270 382
755 324
333 294
225 933
161 413
643 881
994 519
737 802
668 452
651 542
801 237
490 806
659 251
612 57
692 113
364 930
754 278
830 195
192 723
838 702
715 129
473 814
716 222
102 348
520 829
795 233
322 477
804 585
507 603
154 258
355 415
448 107
178 188
89 367
648 428
715 495
532 687
974 680
959 744
321 652
658 773
516 379
224 433
336 201
210 892
448 777
141 234
454 371
336 810
878 92
634 503
25 271
656 253
250 508
657 340
89 954
606 881
24 631
407 717
589 738
71 655
954 353
516 552
818 304
177 196
112 723
960 211
776 772
279 691
529 572
201 387
466 335
520 593
867 978
64 901
341 651
214 395
664 852
862 859
479 637
742 189
45 419
754 930
531 548
916 106
225 743
854 714
929 225
641 213
988 644
355 769
446 168
199 400
751 935
536 172
77 884
209 324
872 4
105 635
75 287
863 718
584 743
772 286
325 341
26 664
801 378
309 433
576 550
462 45
347 607
285 570
756 143
849 603
875 419
503 610
625 184
329 331
917 842
956 800
904 859
598 341
503 531
72 675
611 321
786 291
383 105
618 486
974 644
539 121
406 432
637 854
912 341
624 79
535 493
528 261
65 101
679 786
22 115
315 231
45 946
895 480
20 528
827 128
392 919
889 191
653 260
893 671
154 917
20 647
846 271
599 621
571 244
20 886
519 364
8 854
443 377
945 991
590 899
112 846
829 379
941 401
285 263
219 15
312 411
864 856
771 756
276 62
333 59
870 354
581 725
772 958
258 880
712 235
164 910
95 662
276 796
647 383
778 506
88 608
786 929
720 165
167 154
560 318
7 621
213 296
401 342
939 210
997 901
180 214
676 4
256 750
277 956
139 951
69 698
550 187
697 341
311 749
682 3
60 403
830 155
433 551
86 379
275 27
878 647
666 575
829 449
903 830
904 1000
681 218
97 771
558 624
220 738
338 495
744 630
709 524
1000 896
253 640
967 324
886 444
500 367
639 220
822 980
325 132
642 326
921 389
887 514
402 470
306 371
864 329
993 43
300 853
909 813
842 272
538 41
651 506
176 986
512 900
345 599
889 304
58 466
332 725
25 11
210 249
928 948
671 900
528 158
659 836
508 502
936 627
225 476
335 499
944 430
708 415
567 68
146 928
932 711
661 15
292 614
940 58
686 434
618 428
358 739
362 750
825 782
589 285
256 31
827 360
538 749
65 641
707 129
508 75
128 473
497 222
224 626
651 791
674 108
848 455
627 499
151 676
722 416
427 196
234 710
532 225
644 507
204 50
219 689
318 62
997 460
56 504
844 113
421 128
459 981
639 700
625 102
863 36
438 950
632 922
134 894
294 880
524 597
695 570
244 833
765 380
701 43
524 548
330 191
273 240
889 420
799 499
553 157
311 181
996 995
98 290
102 282
103 55
947 437
126 364
861 199
755 636
663 433
504 100
33 978
107 321
859 603
895 265
842 391
538 956
187 198
163 384
194 758
50 626
861 282
960 373
332 584
247 222
279 799
30 131
488 854
767 592
290 52
243 204
431 997
732 408
354 439
147 274
173 913
870 298
927 945
142 539
417 40
955 552
349 889
650 22
673 223
309 155
60 791
208 2
835 191
413 333
507 30
699 668
242 225
902 787
568 209
363 575
345 216
806 383
40 618
973 486
830 113
652 849
959 855
618 983
809 826
60 484
355 160
502 49
104 480
639 592
877 219
971 26
649 786
173 724
635 489
305 548
624 838
36 732
532 569
631 925
857 960
236 395
828 199
593 974
830 909
781 247
253 584
701 465
680 982
257 955
311 360
813 678
601 372
785 141
457 44
847 507
724 118
486 929
462 142
889 162
441 401
439 234
940 845
982 264
245 600
263 73
379 602
618 854
607 782
426 505
427 832
615 307
15 585
387 379
628 142
3 805
328 910
586 646
980 882
565 780
289 1
570 242
76 335
385 534
993 761
183 281
326 436
263 525
553 861
208 574
977 813
957 380
601 585
640 411
894 954
878 31
441 664
156 245
213 388
820 156
52 6
380 411
588 208
492 189
477 527
389 873
320 799
584 631
21 443
977 600
961 115
655 499
109 853
807 415
151 144
333 781
193 154
321 845
344 26
938 724
465 890
247 632
982 757
641 799
144 849
92 575
899 195
993 300
791 977
799 570
891 589
605 503
454 461
681 415
524 291
847 302
444 339
781 108
522 294
527 745
658 520
823 326
866 743
373 469
79 880
125 372
292 877
870 182
505 566
968 442
92 18
93 839
186 91
727 392
653 485
515 476
885 648
827 607
538 871
962 571
855 292
343 112
875 314
347 117
722 155
465 130
731 235
57 456
850 746
116 557
815 891
122 686
391 559
930 191
109 296
517 909
935 434
5 185
857 418
105 453
512 3
587 633
829 540
464 22
263 646
158 488
835 260
263 791
803 866
660 729
317 458
843 910
791 678
28 178
945 636
598 607
163 740
331 323
740 749
887 334
370 842
878 631
499 914
406 482
444 17
471 744
622 632
934 916
314 517
867 371
5 928
412 986
430 87
359 23
914 480
454 297
513 843
184 701
357 562
605 332
509 343
475 427
421 513
315 2
667 809
481 254
912 80
20 565
686 102
382 441
3 462
544 988
457 138
983 269
894 84
162 373
842 499
185 972
168 542
479 662
889 948
855 347
693 620
875 633
676 894
868 54
154 576
909 752
346 232
132 611
975 595
962 398
584 100
858 335
223 435
885 834
906 217
513 809
863 611
574 658
760 532
803 544
184 80
134 450
88 748
553 550
238 886
742 646
66 191
657 383
806 163
935 997
977 535
501 369
49 848
982 480
269 331
930 647
38 392
41 500
669 746
527 252
113 474
701 185
226 27
672 417
213 783
2 360
420 175
937 67
645 402
939 765
856 45
395 923
649 117
252 858
878 898
93 346
442 466
259 248
980 86
126 780
196 581
303 739
895 69
551 614
888 749
740 886
979 150
796 544
747 82
106 854
6 881
179 990
382 251
129 12
905 230
567 788
429 736
24 652
116 50
157 624
853 915
310 406
955 111
555 757
50 627
896 383
422 940
475 194
58 102
59 771
333 224
867 952
870 457
327 966
309 343
252 913
955 333
295 292
315 746
688 64
963 198
517 401
214 476
159 437
312 340
426 292
450 190
34 929
474 40
220 596
994 803
133 955
405 582
547 741
20 355
636 911
928 268
289 326
329 785
679 113
294 209
660 802
274 37
648 874
687 715
816 544
356 505
303 210
269 286
19 267
57 956
296 388
973 630
80 491
282 603
504 743
639 595
549 679
398 877
241 461
709 929
787 895
19 489
893 120
248 603
322 586
752 27
970 174
976 919
629 363
963 204
226 174
444 217
799 577
387 104
107 113
26 296
279 78
177 9
397 100
280 628
121 158
767 51
326 959
740 615
165 627
103 668
120 994
763 840
909 884
549 477
955 432
556 495
810 779
650 612
376 187
603 524
20 860
93 866
222 670
100 473
138 291
174 477
180 922
181 463
335 658
239 185
252 841
43 482
387 884
984 856
112 947
741 360
444 978
29 828
547 931
881 541
846 237
85 517
843 601
766 553
954 786
725 597
484 997
682 888
185 448
920 781
575 247
81 375
636 487
302 41
330 606
310 728
627 463
5 102
557 697
335 409
119 72
694 626
471 975
365 200
350 804
167 470
173 789
88 851
506 494
305 243
377 379
284 193
108 509
554 227
208 555
827 710
261 38
593 920
867 201
635 357
467 215
37 233
131 108
170 522
444 253
46 153
35 392
823 419
1 616
588 740
478 452
892 904
942 471
809 353
453 10
109 664
809 354
928 258
675 329
948 851
163 445
55 251
426 809
154 216
266 958
432 394
310 431
862 648
439 201
940 818
137 939
120 109
966 730
290 155
79 279
672 883
825 647
1 69
497 982
297 978
143 72
447 416
765 165
861 13
699 795
186 301
545 15
99 580
921 200
747 644
397 941
660 21
259 916
47 605
564 425
17 602
950 682
403 282
590 381
803 916
553 969
23 951
973 476
811 385
761 814
402 104
782 258
821 213
536 936
260 40
463 547
636 233
701 291
792 577
27 220
305 530
556 460
587 388
74 337
168 405
204 972
980 439
616 404
230 596
527 776
917 876
496 274
94 338
363 66
519 889
80 864
45 754
763 421
454 302
614 520
210 834
373 150
836 530
179 965
866 793
153 162
740 802
376 21
177 228
657 274
206 59
254 26
590 592
455 801
387 513
615 7
694 434
767 856
223 810
491 597
275 992
22 383
315 483
188 595
707 549
444 709
854 820
883 228
797 556
279 757
893 899
234 256
641 448
993 981
559 930
888 814
546 351
822 48
385 435
168 829
171 398
155 773
689 333
525 991
217 636
452 509
898 755
259 867
441 900
626 539
744 363
614 358
566 164
513 808
226 70
915 876
698 356
898 866
740 255
116 689
959 95
96 685
674 844
806 337
293 354
935 183
313 412
191 391
104 375
285 990
566 625
436 350
757 702
169 189
136 50
834 185
341 487
288 221
881 242
368 11
496 80
23 319
231 584
946 430
360 703
257 691
645 256
999 951
236 417
650 289
862 117
990 78
97 813
287 65
279 119
641 838
786 361
572 314
311 262
131 932
634 111
338 352
710 200
405 318
602 880
932 33
326 848
371 329
120 967
83 61
600 337
822 720
552 468
719 72
261 672
561 410
19 636
369 329
896 449
220 17
665 132
408 155
82 14
194 756
945 916
404 79
741 738
710 551
230 635
846 103
52 567
890 927
928 688
980 745
267 846
215 12
764 811
671 297
72 373
664 25
204 370
217 713
894 525
405 694
356 132
564 353
877 716
565 968
369 474
749 663
364 545
317 303
815 528
115 266
40 620
60 793
738 350
856 718
892 276
469 197
824 44
75 82
730 129
687 699
726 919
442 802
350 107
616 349
655 270
507 604
606 312
274 343
493 609
151 255
245 192
766 930
508 918
184 536
150 981
353 167
575 628
979 343
689 975
505 476
861 775
516 358
121 44
353 900
734 190
537 738
554 576
573 228
922 44
746 744
140 33
303 631
89 959
608 665
719 240
149 861
79 28
276 567
633 119
496 998
49 106
876 633
219 774
981 591
768 329
738 630
225 175
395 467
287 833
73 717
889 627
858 482
56 536
953 270
739 974
440 695
522 903
392 570
907 461
752 944
641 185
551 922
938 493
132 548
831 378
601 685
768 36
495 769
484 998
871 762
643 961
237 218
590 358
919 884
423 837
377 943
547 529
694 704
754 87
845 364
749 879
869 358
855 823
327 126
735 269
517 218
985 331
277 926
587 266
717 899
874 818
835 584
216 184
363 315
368 83
549 551
646 580
764 640
40 245
832 369
600 417
923 42
887 277
635 356
249 161
782 867
398 616
519 788
442 536
819 410
162 939
469 541
254 285
98 861
123 918
396 456
568 521
145 18
390 746
905 854
822 745
89 923
182 328
477 260
961 735
158 737
489 206
110 918
974 839
693 414
125 400
483 769
515 433
77 320
188 347
837 326
984 902
417 283
200 149
453 589
258 557
703 621
922 452
524 272
907 408
840 69
513 33
113 517
977 476
75 37
526 183
423 353
531 581
513 82
540 989
842 782
682 571
632 342
924 620
816 941
410 946
930 189
270 394
843 580
475 856
134 341
502 691
512 5
585 764
369 78
578 282
924 818
359 879
103 961
273 640
611 13
994 714
481 997
851 899
965 547
643 731
810 72
96 992
26 763
905 212
285 618
487 949
79 626
304 888
1000 741
216 148
252 594
843 17
290 883
947 15
230 597
602 712
985 192
71 383
866 69
191 806
106 606
508 990
469 576
168 53
847 671
210 688
853 298
946 124
675 518
35 423
291 817
921 616
844 611
956 37
230 515
979 252
250 197
884 775
988 229
940 640
719 640
173 111
598 816
35 18
840 888
770 451
174 427
103 323
875 746
968 791
459 595
965 501
803 486
642 824
367 47
6 179
444 804
29 882
820 611
323 77
654 915
806 650
601 688
936 660
646 995
280 152
120 471
727 140
251 703
768 125
642 602
721 51
924 610
271 971
627 441
623 3
99 752
763 420
138 828
234 709
308 916
648 993
61 660
725 948
137 124
713 817
381 643
679 220
238 884
989 964
422 79
351 63
375 421
801 182
195 579
179 326
731 693
700 956
536 106
596 765
820 453
415 931
436 462
711 106
333 834
725 64
602 317
836 344
640 530
972 415
259 476
834 787
412 742
434 106
472 393
330 43
95 361
430 6
491 244
681 68
338 353
469 725
351 657
45 870
618 567
714 407
845 767
165 605
810 642
996 893
23 851
210 950
234 48
72 811
399 640
625 641
935 978
244 105
906 724
432 83
254 134
903 129
228 549
304 29
323 779
140 755
993 67
997 887
290 535
396 980
836 90
107 910
354 721
669 358
500 599
546 211
394 324
570 221
758 934
863 560
989 661
702 502
238 54
534 995
613 106
794 788
947 538
967 935
517 852
369 22
425 260
152 716
579 167
198 627
234 840
762 470
882 972
777 72
796 444
329 640
484 688
621 433
658 445
682 55
646 410
172 503
616 207
763 32
47 219
51 156
770 690
347 793
902 707
635 490
374 114
317 210
931 586
14 306
933 56
383 113
538 424
270 10
856 11
340 420
657 46
417 833
169 340
443 917
212 222
430 141
325 89
805 847
329 30
81 749
374 574
983 644
675 687
235 356
219 635
40 342
979 37
709 116
739 43
508 603
827 233
405 51
851 223
945 38
638 181
604 509
897 923
419 331
832 752
483 668
279 719
543 19
929 411
106 268
551 516
20 956
422 632
295 202
847 901
829 787
11 352
158 209
640 112
406 693
698 426
916 485
96 520
404 305
221 692
323 291
531 774
588 493
346 960
458 518
484 263
976 87
459 202
977 802
778 341
30 702
432 665
13 877
186 984
481 984
905 46
29 382
895 905
956 870
274 7
991 150
740 406
411 716
652 880
670 505
530 340
342 862
554 94
761 626
868 306
796 55
17 440
313 693
818 682
758 496
300 696
905 490
598 361
891 721
914 360
934 879
168 90
154 405
181 183
121 94
546 377
654 350
717 499
149 670
315 138
600 236
283 680
487 392
382 166
718 572
866 883
558 165
260 680
466 389
672 568
712 629
231 903
452 944
714 431
970 821
528 39
289 629
269 567
733 114
606 736
275 966
978 123
119 855
31 13
275 567
455 49
202 972
612 603
613 494
813 220
909 713
949 812
897 129
185 151
280 189
264 743
211 999
638 770
750 696
321 916
806 766
539 977
560 468
815 772
247 326
916 505
534 568
556 928
333 281
924 624
988 539
590 323
80 248
501 632
356 349
964 540
790 940
994 529
169 822
756 926
501 742
462 865
453 726
974 575
716 60
523 612
940 581
251 335
786 206
790 654
238 955
238 26
908 637
502 124
863 93
957 8
653 783
212 449
532 764
259 112
776 166
597 978
748 34
931 514
839 885
696 509
532 867
774 956
593 779
244 961
904 714
27 877
179 854
952 726
58 525
277 493
978 682
802 668
602 922
896 729
789 386
15 470
131 872
61 503
466 105
761 949
340 690
412 839
742 138
400 775
58 367
221 241
828 351
862 309
392 951
687 404
893 703
876 281
202 865
520 743
68 235
732 146
552 280
167 737
23 669
689 97
376 868
44 470
328 967
898 431
2 664
591 334
115 1
997 931
800 167
180 707
676 712
770 460
941 668
696 545
716 668
781 826
116 524
484 40
251 815
56 12
23 919
275 15
422 354
872 895
816 729
69 983
103 919
125 955
865 920
683 11
42 401
208 937
255 617
104 234
195 693
71 652
401 310
916 755
275 237
313 418
479 117
360 899
848 872
472 108
330 886
166 208
959 541
215 426
766 821
788 550
990 957
368 156
23 430
947 106
987 937
382 909
889 319
561 9
763 466
161 786
200 350
59 491
614 603
836 737
178 503
794 479
219 737
610 466
803 165
867 481
795 332
796 547
535 134
79 58
706 976
546 701
329 515
413 626
650 66
14 915
699 409
348 41
790 48
506 39
712 796
567 134
948 900
665 138
146 894
357 134
893 820
824 805
879 257
366 940
404 73
833 937
577 839
279 795
603 707
785 882
57 299
498 431
355 522
997 967
198 948
16 576
606 573
8 624
569 547
967 640
189 512
776 8
285 237
309 231
989 773
986 289
790 611
530 46
428 763
88 604
949 439
833 390
706 140
446 403
431 293
623 305
660 813
682 165
791 517
630 535
207 706
498 962
816 547
156 28
161 754
494 622
702 51
284 761
981 88
229 707
532 598
221 595
61 10
815 225
448 497
247 995
486 537
731 958
58 880
19 490
566 559
313 777
763 257
654 208
857 964
144 873
677 81
772 245
499 591
433 333
326 144
735 892
314 568
593 851
5 997
626 896
672 686
770 782
714 57
110 934
382 139
637 943
193 766
231 98
71 757
644 595
335 128
837 78
345 896
261 369
628 325
352 200
297 729
941 32
266 872
620 993
567 234
77 346
125 454
443 336
204 669
708 332
486 862
759 819
685 940
963 278
655 756
822 79
290 84
275 760
462 334
300 349
604 179
626 983
453 649
928 589
836 462
587 960
349 857
873 151
906 156
833 619
473 337
422 426
958 200
248 287
973 217
19 74
147 897
143 135
208 335
412 107
605 926
482 483
869 757
799 994
835 445
964 735
624 696
198 495
787 190
900 103
276 697
26 532
1000 651
674 596
911 865
897 410
271 454
105 954
714 1000
882 546
956 829
161 109
428 559
416 554
448 251
446 858
287 338
14 702
861 873
662 890
455 536
991 762
23 180
120 803
357 538
446 805
328 272
398 648
240 716
41 909
335 247
176 676
249 882
184 899
266 574
315 107
559 708
858 819
253 827
898 166
561 416
944 296
214 718
242 703
975 293
653 481
158 897
513 182
607 161
498 356
172 229
600 728
486 397
601 682
293 823
52 418
785 971
146 603
717 400
793 448
526 718
980 914
323 369
952 351
56 788
1 814
579 64
318 436
68 731
513 882
310 520
403 406
172 553
47 975
657 655
432 646
535 874
78 647
134 629
655 61
568 141
289 508
203 82
703 257
687 652
238 811
726 98
32 90
820 483
291 759
18 101
575 347
726 989
910 20
103 278
498 748
761 367
912 295
551 404
728 15
545 751
303 715
235 1
93 227
540 422
944 615
712 515
653 447
415 402
770 191
862 329
149 802
724 170
28 737
526 242
227 835
418 884
92 67
777 498
910 77
281 180
279 641
732 147
879 748
516 892
920 285
794 378
561 93
819 805
733 887
57 270
239 242
340 851
78 180
936 662
343 129
200 401
293 956
47 653
986 439
477 723
350 566
575 187
172 638
801 106
683 10
243 563
591 324
165 340
963 286
612 3
215 542
860 849
702 20
388 452
85 126
511 820
998 334
98 251
530 44
605 744
170 659
537 888
402 443
701 181
259 478
465 801
323 109
696 299
320 44
991 478
637 417
875 255
349 204
867 403
61 312
27 840
504 139
101 62
404 534
72 355
540 131
442 304
480 99
188 812
384 377
278 773
870 227
824 951
697 901
820 521
970 733
427 714
582 326
513 333
660 404
177 368
401 836
66 969
772 861
982 589
744 286
851 400
40 101
655 512
124 342
256 240
755 44
39 223
81 109
246 929
449 705
197 671
242 56
99 641
280 357
670 86
375 244
267 545
307 588
768 202
697 212
724 656
479 842
856 947
893 488
437 322
259 638
781 733
428 651
359 945
290 612
720 824
901 68
281 927
195 545
659 110
627 546
866 438
503 487
910 93
173 365
161 610
254 327
613 556
710 510
568 419
273 452
700 672
437 774
978 958
959 641
981 185
287 488
262 988
844 711
207 257
376 259
875 219
913 954
677 33
491 210
255 53
439 338
260 710
667 247
904 643
763 622
582 509
629 393
225 83
80 954
743 177
451 497
69 66
399 881
790 98
81 364
426 817
614 422
965 24
670 196
387 602
496 386
245 690
708 318
875 807
460 992
863 726
7 50
447 315
103 389
784 373
841 868
950 134
441 374
334 235
105 33
214 397
287 723
534 304
529 833
205 70
547 1000
930 37
396 841
969 240
59 513
797 307
637 52
592 859
314 433
371 640
337 880
502 682
285 240
677 734
215 883
167 236
264 981
542 392
960 553
103 990
397 615
329 817
75 277
129 669
942 873
190 38
997 446
670 364
530 451
252 363
234 938
452 214
169 873
21 776
705 815
668 237
998 984
341 43
556 514
498 630
782 68
986 931
770 660
398 845
365 486
166 281
633 558
596 422
122 45
481 576
749 384
252 952
382 635
458 43
590 709
973 888
341 9
227 362
66 564
912 316
490 728
753 726
990 5
867 346
545 706
123 570
1 620
572 253
277 471
794 163
69 149
987 702
219 552
145 717
98 743
814 17
391 320
174 176
822 748
969 104
314 831
844 429
707 700
11 885
84 677
732 793
201 327
935 916
262 326
182 105
621 66
543 96
871 855
379 637
548 266
825 651
977 320
467 386
194 938
432 891
489 382
609 669
665 355
522 316
707 248
393 864
458 166
87 10
676 549
509 724
480 966
545 358
358 987
217 661
877 43
436 945
823 551
661 312
208 577
119 139
851 678
640 461
355 306
146 378
988 533
371 525
246 651
632 116
114 281
652 903
687 982
412 72
964 685
144 758
274 105
645 118
756 783
59 877
83 907
91 696
627 538
386 734
632 900
193 200
726 978
591 305
222 109
350 38
852 812
429 941
313 832
631 832
335 263
299 885
840 891
178 126
236 456
260 616
891 620
469 574
93 226
884 659
575 798
120 832
980 174
723 37
359 99
749 303
55 170
477 244
704 184
300 851
600 833
103 158
585 235
555 975
962 967
335 891
121 459
323 643
59 391
785 618
6 916
430 532
659 842
676 788
695 24
54 896
348 357
667 763
990 12
380 822
162 481
850 946
10 189
157 314
67 26
681 852
902 124
834 658
318 375
616 577
307 706
237 893
789 806
521 408
426 220
797 507
194 848
592 803
778 408
906 341
66 406
987 774
273 720
881 315
260 490
902 809
621 313
656 835
54 489
458 431
518 345
178 990
621 458
415 799
470 350
476 799
256 704
973 589
619 681
179 504
397 401
843 497
716 177
476 654
147 662
696 521
79 595
298 470
168 233
175 108
457 335
773 839
504 116
689 660
303 904
142 270
398 948
437 850
648 399
813 555
460 725
249 94
52 575
814 367
157 952
598 518
767 437
933 355
719 310
595 641
852 405
585 822
13 261
861 193
755 578
206 270
651 399
279 454
371 410
747 230
106 226
949 686
537 292
274 834
627 669
348 218
408 159
931 205
577 702
326 641
37 882
42 940
23 675
465 35
854 967
102 856
784 409
125 25
86 402
214 465
566 122
204 287
385 403
168 797
261 352
959 409
617 50
730 883
396 821
806 516
110 145
368 528
185 62
403 243
572 393
100 431
264 66
671 442
195 373
702 324
795 674
25 726
199 314
212 631
541 75
474 318
692 457
490 801
825 232
644 340
994 753
887 126
257 203
797 146
123 469
330 793
296 393
543 803
480 508
92 119
933 195
570 655
240 230
739 12
230 897
834 33
216 79
718 922
592 474
524 631
287 491
179 242
610 571
390 992
637 843
799 588
159 228
620 31
644 831
494 598
577 372
390 627
639 146
932 242
191 998
314 681
956 232
685 486
763 734
537 663
169 138
889 164
905 911
73 407
20 746
300 170
853 946
767 796
220 497
23 598
304 60
879 295
326 749
789 11
827 456
45 267
104 729
730 565
90 916
38 732
628 148
993 529
462 332
667 337
803 304
197 737
401 688
555 467
258 871
190 378
372 633
284 747
215 232
52 383
91 147
648 606
539 788
423 833
906 365
564 321
322 116
181 831
664 279
703 158
172 726
726 213
394 552
325 708
218 308
757 705
955 921
151 968
703 239
597 360
66 224
14 64
731 766
517 87
194 933
152 969
173 673
445 92
701 139
653 744
356 760
819 192
307 404
811 987
735 186
443 724
377 88
451 801
469 424
454 436
130 278
442 548
101 801
338 405
193 446
199 640
130 393
477 126
727 834
804 473
153 201
28 671
286 431
503 959
554 691
831 881
577 626
228 666
14 841
54 778
262 327
391 97
999 268
747 319
451 266
295 961
988 35
578 803
564 882
196 94
456 227
898 454
797 756
319 144
747 605
694 100
391 434
668 839
724 699
873 7
966 776
237 920
890 834
542 203
74 823
509 580
479 892
6 388
429 219
532 212
893 327
392 135
66 34
234 892
860 728
240 497
437 697
527 448
195 619
146 29
517 58
847 807
313 500
584 921
734 687
442 887
378 69
647 789
606 357
203 434
463 19
411 161
1 685
278 307
596 298
969 344
978 650
255 127
66 648
624 98
92 648
421 698
818 35
28 588
801 820
722 615
735 711
5 844
706 971
391 167
653 208
127 791
257 135
573 409
496 979
173 107
533 225
67 952
771 938
496 802
634 520
233 145
894 94
452 181
453 412
23 670
797 551
162 510
642 820
635 715
119 602
197 552
825 791
775 129
962 392
964 206
185 33
730 48
544 1000
851 724
764 883
485 382
781 806
588 304
950 651
5 40
227 152
355 943
392 163
946 758
752 553
122 785
985 405
786 158
293 510
645 105
683 810
834 178
178 942
431 96
307 46
326 382
623 508
365 284
645 250
26 586
759 204
322 497
481 585
937 52
403 624
430 411
956 516
990 51
593 987
832 189
744 601
532 770
176 512
502 488
378 682
144 46
805 855
398 727
19 798
314 100
153 784
197 39
771 232
899 319
975 72
281 116
317 654
301 9
15 815
586 169
366 593
700 177
376 165
513 466
469 932
381 983
827 62
261 572
892 144
361 64
641 438
876 674
348 330
367 478
738 734
22 543
244 267
234 353
641 39
147 426
154 686
393 814
837 683
821 310
125 137
163 948
312 346
756 285
295 179
579 508
302 477
889 692
211 928
768 93
72 378
756 652
258 819
777 769
228 101
549 868
604 968
769 677
347 337
720 213
423 860
302 855
333 180
13 672
485 483
218 174
915 252
4 805
497 477
819 770
247 41
138 943
90 356
806 374
16 565
835 450
468 793
547 962
494 621
869 559
531 170
970 502
181 621
882 682
956 677
117 367
456 991
458 53
406 317
389 673
39 929
136 640
763 499
47 426
922 764
88 185
162 896
943 660
439 428
313 1000
155 813
783 663
258 30
478 637
139 257
475 489
262 457
391 239
713 117
417 528
415 229
280 792
957 610
738 801
880 78
466 191
34 283
932 288
496 874
353 727
817 96
447 293
429 346
720 629
577 800
670 151
16 528
769 118
128 122
517 752
551 561
993 528
704 685
492 752
954 941
494 98
884 430
349 790
946 973
431 631
342 77
659 464
753 477
788 52
368 573
579 105
252 42
252 391
733 752
522 971
873 981
44 623
604 579
551 68
682 245
886 637
333 595
262 593
247 13
949 313
109 44
990 719
986 527
298 141
544 365
564 96
437 531
145 246
251 975
5 258
375 286
363 318
809 936
648 106
3 58
504 632
446 639
486 568
730 426
911 659
808 336
956 824
58 575
961 150
818 825
141 36
696 485
805 13
19 632
634 49
136 700
671 596
14 701
880 209
349 50
352 282
896 753
54 60
698 581
628 646
719 233
386 211
795 265
871 482
528 396
241 903
676 610
116 449
499 507
462 237
83 248
430 911
215 399
720 819
589 790
817 683
546 595
886 573
381 561
110 530
419 363
909 773
495 220
707 988
405 139
266 154
910 867
489 467
733 784
573 349
827 471
957 872
542 814
232 267
141 859
954 990
112 981
632 236
7 822
814 578
229 98
821 366
859 983
972 718
829 819
298 813
545 356
29 907
391 548
787 291
792 139
216 388
498 212
375 190
566 333
159 681
678 651
570 768
650 184
881 494
644 414
368 263
845 267
739 792
616 109
155 379
559 736
39 293
576 811
104 400
468 849
394 860
355 829
933 777
131 259
863 329
268 664
826 810
89 878
463 847
429 939
47 12
151 34
941 5
688 918
654 143
612 770
130 507
991 330
546 947
839 774
328 416
650 885
909 999
549 189
110 861
384 481
919 445
131 876
667 814
5 843
101 550
712 661
340 702
107 349
748 980
735 599
629 240
819 520
789 352
115 231
997 717
300 115
943 747
894 95
608 932
607 830
650 649
979 831
105 110
367 42
279 628
996 410
82 326
85 741
659 554
775 985
589 277
440 372
149 340
707 214
335 697
449 762
232 246
806 542
719 551
336 84
355 752
95 754
243 391
527 257
323 511
159 653
510 915
424 582
705 715
228 416
601 906
180 3
772 335
845 303
610 772
764 449
144 724
877 94
735 320
238 1000
829 283
242 471
905 251
523 644
933 813
347 816
796 428
944 848
578 140
584 773
307 94
182 862
221 764
866 243
577 76
491 396
309 397
239 986
765 398
832 190
170 573
172 158
782 860
622 543
255 18
610 127
857 654
398 724
405 312
44 520
170 863
563 988
602 890
89 933
865 4
576 81
961 745
893 750
642 922
254 56
861 112
701 743
869 224
513 81
842 399
845 988
367 360
828 750
775 945
44 189
588 645
201 494
664 978
846 510
115 112
479 755
885 412
102 862
565 542
175 998
824 664
767 600
418 121
937 927
755 896
137 711
923 992
67 1
306 802
241 395
974 461
280 249
101 111
284 641
90 208
529 636
963 118
850 694
726 493
727 28
711 635
878 152
845 497
683 474
61 578
461 488
9 255
769 725
57 235
692 459
964 592
667 200
803 850
532 380
679 255
347 276
170 477
227 4
997 488
262 826
436 312
130 639
42 298
928 80
622 878
588 906
626 341
574 205
460 533
838 115
136 419
445 423
469 289
397 4
18 827
705 19
227 371
461 617
89 374
3 34
888 562
500 312
280 743
791 58
334 643
357 738
206 505
857 746
202 273
775 614
614 458
830 663
671 657
50 861
93 89
559 300
803 246
732 816
665 249
352 204
25 90
154 894
999 490
420 274
4 847
443 944
392 706
46 691
73 759
93 748
646 642
243 3
607 451
693 429
42 529
78 243
206 804
742 170
877 593
509 717
578 622
480 573
798 123
836 458
450 157
358 562
459 92
758 511
744 169
618 654
121 942
450 12
731 421
272 984
389 825
993 161
264 935
247 12
960 572
517 196
701 423
721 425
285 896
677 398
806 226
866 345
848 820
482 110
728 362
913 232
911 877
854 122
504 633
892 532
933 118
348 570
574 376
558 605
814 459
523 938
84 236
891 724
696 486
516 177
960 43
503 667
36 990
199 642
775 565
631 671
652 256
106 774
314 843
13 331
419 12
183 63
240 607
41 514
545 839
245 738
441 624
176 823
799 209
785 387
89 782
309 581
880 527
93 814
443 259
444 568
303 481
780 130
84 535
323 825
840 365
324 6
880 670
646 735
392 766
618 46
980 585
586 960
381 196
771 622
519 500
889 529
30 195
893 105
395 322
898 631
906 90
923 936
968 239
560 810
348 303
341 904
712 276
933 756
347 363
55 602
778 483
319 961
527 300
971 414
208 962
155 717
617 298
748 708
472 887
935 136
424 762
601 990
420 590
99 9
869 533
28 27
627 876
382 696
666 917
539 385
647 826
50 334
412 361
565 349
821 963
917 772
809 907
259 486
297 191
681 232
762 941
965 520
178 234
85 754
634 227
670 779
208 297
857 768
308 604
969 350
973 369
558 906
154 285
406 85
814 342
581 457
277 488
230 512
801 970
141 297
861 250
755 619
735 705
679 538
12 218
305 32
70 352
590 603
461 861
334 405
689 186
727 582
139 217
873 591
847 217
831 740
814 786
742 182
582 350
959 762
898 313
112 788
163 781
349 586
958 584
409 653
690 518
216 877
233 945
180 712
897 224
167 962
439 633
484 29
101 74
113 241
266 401
627 14
656 592
119 378
302 974
102 620
318 470
364 515
375 157
159 652
678 692
769 712
129 681
574 869
725 947
618 617
268 968
18 163
181 885
811 482
298 179
981 399
587 379
56 385
37 284
960 599
712 290
339 530
366 450
32 122
929 748
92 810
532 447
950 858
222 445
173 743
268 701
581 538
970 291
97 949
260 809
503 573
363 150
277 554
593 985
174 930
657 68
902 131
775 403
667 239
687 224
857 653
362 341
605 311
757 108
908 94
410 239
802 701
201 34
419 84
334 326
597 580
871 37
448 965
693 773
343 652
605 217
93 997
130 145
172 500
83 179
466 217
649 413
203 438
235 412
314 101
866 534
303 515
927 245
232 679
595 189
556 176
43 271
270 554
237 973
954 919
774 138
119 425
376 611
216 760
343 161
146 671
988 698
458 669
440 384
683 512
522 66
771 792
427 138
636 356
310 692
552 821
220 963
294 382
223 300
613 916
225 947
869 506
817 663
345 182
454 624
132 252
47 899
959 777
531 974
470 270
843 864
38 194
961 509
174 514
449 1
217 29
114 687
208 680
187 356
364 43
632 959
687 817
445 422
430 330
792 779
549 816
633 647
49 598
676 437
398 919
516 628
302 243
286 660
622 568
240 854
938 539
216 271
763 610
644 713
61 457
279 374
154 455
40 348
738 303
62 169
157 699
434 588
953 708
920 443
906 754
543 251
283 913
770 389
3 526
365 301
249 375
728 519
915 753
861 373
111 906
8 819
395 345
380 889
7 204
202 954
253 342
716 594
152 481
869 60
29 933
327 704
789 859
294 267
738 949
355 779
973 351
646 207
904 442
280 500
128 191
380 317
532 162
241 97
78 684
321 137
527 489
30 563
588 201
916 688
92 117
350 812
928 14
401 130
960 671
264 134
234 436
498 709
173 559
356 763
430 358
820 298
288 395
681 228
294 689
66 560
710 361
487 160
218 127
452 360
973 885
448 240
430 64
714 247
272 46
326 241
791 89
639 179
269 847
635 378
588 627
121 322
529 859
855 415
826 230
277 181
466 14
729 684
215 393
487 356
658 656
533 996
880 512
2 876
120 117
206 892
79 557
801 743
203 754
618 47
911 452
72 71
723 296
119 627
858 449
859 952
950 17
823 797
661 98
959 333
173 663
85 688
604 876
452 385
561 871
891 504
46 793
33 78
588 440
195 432
358 942
474 155
991 667
886 556
479 142
193 407
725 738
962 244
764 72
378 511
485 569
177 888
401 332
450 200
789 593
354 356
464 506
412 68
929 854
151 382
205 943
744 948
514 815
329 563
565 940
536 991
598 173
942 478
862 246
853 465
727 54
288 407
8 690
183 606
331 459
499 925
28 425
720 203
729 204
217 480
808 221
919 59
841 283
970 113
2 191
5 824
62 683
299 456
383 277
741 899
14 953
580 406
905 964
288 962
849 435
6 904
577 972
542 622
653 431
196 46
453 409
244 306
10 214
56 908
12 392
840 25
180 602
842 587
147 403
111 962
846 19
430 762
91 62
205 10
152 426
617 90
46 970
474 93
494 24
447 162
716 465
128 322
310 638
526 606
12 972
930 331
604 918
754 7
428 668
353 24
614 970
946 580
821 772
18 51
97 746
945 15
759 88
193 63
584 952
661 796
899 637
978 836
26 585
394 961
752 153
680 710
403 629
302 357
640 920
308 574
202 25
847 715
652 491
728 65
122 464
395 914
162 891
87 914
257 640
74 174
297 796
918 413
633 949
407 664
32 662
44 409
923 422
317 651
141 477
182 108
770 15
20 722
465 261
671 989
162 319
384 237
812 27
866 535
336 758
615 176
953 629
451 199
201 492
366 950
936 601
775 960
137 573
449 954
324 494
868 739
634 781
708 116
471 510
625 907
204 283
426 301
872 373
508 97
331 182
314 422
43 44
858 219
654 69
824 359
678 582
832 619
775 388
778 440
967 924
96 833
295 276
647 718
7 687
711 411
765 131
4 951
763 72
69 727
749 117
53 398
566 842
406 726
687 835
857 44
530 250
895 556
456 883
628 795
717 616
323 87
241 559
482 59
906 916
838 708
731 948
184 433
627 839
114 910
443 716
874 760
748 209
914 383
494 829
761 298
707 790
396 77
628 574
942 448
288 701
509 421
316 110
775 608
351 754
786 667
33 795
819 676
503 983
288 812
552 41
680 254
258 396
894 187
491 900
441 415
685 132
708 315
983 995
548 140
16 885
15 730
383 515
48 323
673 693
369 633
943 685
550 833
405 798
997 916
319 376
945 825
451 48
180 530
209 330
533 18
826 12
59 663
315 513
923 974
393 847
712 107
987 51
817 464
447 149
786 545
772 604
367 834
828 816
6 412
428 582
581 536
177 962
109 263
492 401
452 354
649 376
740 484
595 660
635 835
673 98
971 325
57 773
648 928
484 990
164 706
679 157
458 483
166 48
995 216
27 346
412 400
507 786
491 361
436 286
891 435
188 335
78 847
749 490
731 611
819 700
869 977
679 833
678 185
114 946
904 838
136 720
198 18
407 994
736 516
607 259
245 462
131 885
794 223
260 663
836 950
28 667
858 906
474 915
914 660
511 412
900 967
337 489
880 513
440 910
112 667
409 917
386 559
177 465
197 798
483 200
25 165
750 609
303 445
295 278
245 947
928 641
20 95
29 447
119 483
923 938
381 292
256 189
976 780
557 353
9 347
872 333
751 95
110 77
55 596
694 667
811 218
601 514
503 102
158 327
91 864
468 638
674 801
551 101
535 864
555 110
369 215
725 338
138 610
843 811
238 979
442 896
208 738
959 913
66 192
360 573
969 913
327 235
700 519
536 544
227 431
545 790
175 87
280 798
658 15
986 896
177 407
916 939
960 363
446 542
580 489
571 643
204 596
576 262
526 473
486 682
471 903
712 801
919 58
175 675
460 829
779 975
871 349
1000 794
992 922
899 438
723 794
672 748
433 24
865 253
774 721
267 401
220 151
559 742
72 134
325 316
606 711
664 586
628 443
316 261
154 948
798 501
831 631
767 929
328 974
368 779
384 32
58 59
186 500
99 909
794 759
744 438
997 27
836 110
271 829
629 561
877 535
324 681
181 32
517 582
275 423
312 648
747 859
234 698
208 17
595 735
638 515
587 543
981 969
147 386
792 281
13 521
539 577
920 765
544 313
614 854
892 265
972 177
576 714
123 445
531 146
71 53
164 617
408 923
109 999
236 11
773 834
725 860
300 744
281 435
613 269
331 309
496 311
942 314
635 292
490 285
291 836
226 371
397 785
66 744
254 349
718 716
99 333
297 452
463 499
525 84
858 979
748 291
475 385
455 879
166 742
409 390
10 518
722 198
343 654
642 67
111 658
721 570
24 662
577 574
851 203
836 797
23 45
159 8
220 490
681 520
612 804
538 899
760 15
559 619
339 396
803 61
989 346
537 73
573 667
427 849
452 292
627 206
738 845
759 981
203 583
789 980
320 825
871 632
584 394
42 346
303 808
480 899
559 17
449 372
447 193
960 798
4 658
591 766
181 102
610 760
100 138
754 766
645 56
649 61
817 515
963 669
527 4
174 482
570 537
791 627
852 899
981 97
769 869
153 692
653 767
986 632
880 459
117 284
390 842
514 566
307 300
666 749
620 20
53 833
607 302
214 11
943 872
969 485
861 143
148 590
244 183
597 757
182 447
748 640
201 220
281 84
335 137
853 972
511 289
16 231
590 657
913 747
719 55
10 397
149 70
850 85
870 16
464 330
158 940
50 525
141 674
401 905
370 302
746 149
784 506
957 738
505 760
885 750
462 337
618 491
985 996
167 900
8 531
997 117
835 102
49 493
730 848
342 426
570 249
133 165
556 948
703 935
247 491
753 983
285 202
440 163
659 325
627 377
21 560
540 576
484 894
716 501
694 729
832 799
38 157
347 634
30 561
554 439
848 197
282 530
959 892
5 400
271 299
274 398
630 485
887 462
820 389
36 660
248 123
256 828
905 385
857 952
435 206
933 115
834 408
511 40
478 291
460 794
302 13
840 724
362 280
382 458
753 601
383 482
957 335
631 664
892 868
219 558
736 500
878 819
844 967
719 245
685 453
588 151
830 694
222 659
357 916
398 170
235 312
148 465
224 183
262 425
762 443
267 453
719 767
805 589
387 956
194 642
159 192
276 492
354 988
524 186
537 1
137 691
958 546
335 673
798 203
587 788
179 749
510 665
139 813
280 308
711 687
712 279
696 764
425 679
219 313
989 725
280 419
584 337
582 844
659 353
53 178
831 103
143 761
267 764
620 383
57 800
649 484
484 737
588 239
401 211
252 923
207 643
271 745
778 595
703 13
722 228
179 482
587 289
643 595
147 640
313 616
354 68
429 534
544 102
438 748
347 857
99 232
892 571
844 694
406 505
905 526
501 53
908 859
257 366
966 225
877 442
476 373
358 374
614 695
45 744
727 908
47 366
328 420
990 378
334 766
927 367
140 19
412 808
475 420
847 762
684 592
488 569
288 853
571 334
239 436
912 308
116 33
813 389
129 881
652 5
799 182
605 99
554 982
590 713
441 470
24 298
704 348
888 41
546 201
893 808
74 3
381 116
573 630
742 23
160 681
733 880
203 717
578 948
674 47
488 102
779 249
234 552
604 812
792 124
647 454
286 393
65 526
506 616
310 636
704 951
413 381
930 329
843 744
989 938
276 939
616 62
800 805
587 751
569 104
56 21
735 319
939 298
434 430
17 350
221 982
882 816
666 837
30 920
714 585
164 618
237 332
693 125
190 254
230 927
286 925
330 961
331 280
481 363
856 393
782 945
896 992
397 109
259 84
387 427
939 758
407 948
815 43
448 139
986 647
876 218
914 571
908 93
917 729
59 193
595 499
154 247
323 724
784 98
215 450
619 145
206 580
867 711
906 733
923 553
400 746
187 210
175 893
633 21
883 202
48 11
68 70
525 616
159 446
857 311
309 461
538 725
615 481
233 803
967 632
349 302
519 223
725 582
740 63
159 732
432 481
551 206
256 277
811 37
280 411
657 703
532 137
881 473
205 761
76 61
539 703
226 654
388 129
86 98
289 460
273 839
950 539
496 136
859 609
876 449
682 60
421 168
482 70
869 554
800 47
354 292
387 233
133 501
285 730
344 10
566 885
94 90
919 159
509 827
549 910
914 381
278 709
421 283
459 600
80 659
372 224
373 50
183 134
268 386
383 457
754 719
489 783
192 236
876 955
840 520
966 440
269 808
222 984
795 288
945 371
747 43
932 79
253 163
653 275
604 327
901 809
793 944
611 665
280 797
137 948
215 343
263 69
556 369
741 699
334 67
335 942
54 66
223 841
538 791
978 174
599 674
655 764
231 606
748 275
246 789
427 973
465 146
73 755
12 545
125 168
767 713
881 522
242 964
869 57
471 269
793 413
685 727
992 604
121 946
198 682
756 540
777 177
885 944
635 837
156 346
485 514
165 388
609 822
350 60
947 750
513 426
18 230
222 350
60 557
406 513
209 593
601 887
554 71
761 633
356 535
138 686
25 830
130 718
238 535
518 581
703 459
83 722
320 224
47 119
473 902
862 168
420 155
478 145
170 622
944 789
227 659
983 968
853 427
395 591
676 468
826 47
801 539
576 87
887 668
637 873
981 471
16 407
210 479
754 755
601 348
250 434
253 977
644 680
940 519
481 238
232 692
818 231
897 732
365 948
49 608
121 304
505 593
770 501
991 785
319 440
980 486
893 771
974 252
707 963
894 439
699 167
612 588
404 9
857 796
599 838
780 924
394 35
136 651
414 166
367 130
349 771
638 779
159 630
315 924
358 978
911 280
694 920
39 109
254 273
423 146
549 352
651 887
925 76
428 548
584 338
512 31
892 773
72 558
33 173
364 825
971 355
440 153
761 827
337 631
17 369
113 200
960 72
479 425
834 168
818 613
982 464
551 325
420 985
848 788
478 83
467 414
179 18
536 593
757 961
358 940
454 123
37 33
297 204
851 465
504 776
529 393
610 84
779 961
861 837
454 293
112 332
519 899
837 236
657 712
110 870
330 366
168 349
280 695
170 575
211 481
311 74
701 734
120 37
463 319
232 575
288 965
590 718
721 621
370 405
284 869
510 329
684 262
650 690
266 187
86 552
107 527
327 982
453 535
354 848
669 487
854 557
216 881
267 863
175 958
83 194
438 260
404 412
264 551
651 949
690 917
110 252
8 556
206 659
624 532
11 419
877 678
272 917
59 6
61 569
423 182
854 382
341 793
432 715
752 720
593 384
132 260
578 372
857 315
735 586
955 40
593 273
575 385
759 420
70 522
582 214
865 881
902 578
356 600
341 492
181 531
912 681
348 591
57 654
827 29
355 115
896 993
497 658
731 986
49 780
455 698
118 912
635 294
805 192
611 817
870 558
601 363
286 719
678 417
406 135
849 865
131 830
139 283
68 387
552 48
935 887
617 622
562 217
249 818
214 812
824 976
261 661
410 397
177 398
21 245
296 556
427 706
102 960
233 119
896 331
681 927
920 321
797 517
300 483
11 144
582 457
234 363
458 935
537 248
738 843
480 679
279 763
91 31
38 570
419 516
987 904
996 266
447 114
124 477
986 480
803 746
523 283
670 94
86 897
837 951
287 796
275 50
596 982
760 572
669 158
17 543
882 115
925 421
271 215
481 571
62 200
709 883
485 719
324 835
933 891
700 602
65 85
928 85
468 918
131 350
297 106
649 797
812 831
450 536
783 334
640 968
58 889
493 598
277 729
848 619
923 91
32 888
511 54
259 179
993 557
290 387
451 731
842 724
594 633
148 37
538 336
560 696
629 556
944 551
690 55
486 82
664 742
629 2
690 459
225 196
188 968
898 575
749 873
510 167
257 193
352 193
775 771
60 188
524 1
104 546
267 40
361 405
513 304
141 591
400 727
575 591
167 723
667 523
104 689
561 863
140 649
345 681
419 450
480 724
120 315
671 208
871 638
920 204
833 829
441 902
320 775
855 117
642 568
271 996
826 365
989 719
497 145
812 328
996 189
511 149
508 811
733 714
701 933
613 948
775 485
413 292
240 460
606 544
354 348
906 487
30 567
930 481
859 397
381 833
973 445
410 620
808 84
800 989
393 409
126 827
17 293
533 649
825 382
938 935
758 300
425 8
246 496
126 650
95 245
743 521
504 638
654 10
17 71
257 752
923 39
175 146
679 547
970 246
623 784
823 301
81 757
585 917
162 958
254 264
588 536
600 246
641 564
202 318
211 22
245 380
224 73
831 894
63 704
871 105
84 685
233 301
34 454
785 390
201 335
332 679
629 151
478 893
707 565
444 565
563 784
339 473
968 423
947 583
570 359
328 70
646 720
370 449
996 541
64 576
876 743
950 122
791 261
957 866
724 595
603 258
916 173
330 591
955 385
397 848
162 676
370 50
12 853
870 904
27 741
967 976
473 436
661 433
475 706
850 522
122 917
694 699
98 626
367 577
722 720
27 394
341 102
306 426
863 417
331 16
78 831
32 83
760 172
716 133
366 522
282 560
429 532
268 662
855 562
143 758
195 799
660 764
553 497
455 721
203 312
990 671
539 162
689 753
942 285
572 878
489 122
583 213
197 298
658 812
83 463
799 525
804 405
128 734
942 511
430 211
303 579
272 157
809 330
793 845
7 319
706 962
837 124
819 737
107 339
443 181
580 402
562 133
509 76
2 844
556 427
993 775
491 324
888 779
694 313
460 476
662 347
722 78
280 965
821 756
262 181
592 361
155 864
244 660
613 964
735 302
450 710
651 948
157 163
169 409
470 170
915 779
302 979
33 110
660 565
80 79
902 150
432 716
713 685
55 810
423 774
83 849
669 42
229 333
601 908
692 509
948 103
240 276
310 668
597 440
530 259
605 989
531 38
90 314
152 921
321 998
216 204
146 139
648 89
10 991
310 154
544 26
249 260
183 392
198 191
201 745
572 488
496 475
832 261
579 752
709 577
66 965
734 428
762 61
467 155
605 385
844 555
496 697
244 815
897 327
562 500
980 774
657 456
434 835
970 913
149 732
580 720
525 81
49 408
413 727
514 226
608 649
883 513
899 292
520 943
232 653
840 460
895 430
171 538
634 708
452 1
112 678
702 929
663 677
885 501
7 449
435 324
728 560
552 766
661 200
106 287
989 456
42 551
629 609
225 635
495 294
492 566
127 571
197 757
471 506
517 534
898 568
439 600
152 394
280 255
997 94
465 197
447 125
731 46
533 476
574 552
171 119
671 483
612 458
460 79
833 483
996 105
45 728
265 79
13 729
74 985
887 193
869 374
411 802
753 229
455 85
919 586
579 801
165 804
725 913
821 868
146 92
256 676
739 167
904 112
579 974
914 89
843 503
346 567
114 571
117 360
78 998
212 412
14 398
145 45
364 183
615 558
338 534
959 648
225 60
340 56
978 340
188 116
575 632
338 425
49 730
50 117
306 203
877 384
435 405
296 973
541 681
767 81
533 745
610 396
930 391
645 667
706 923
135 966
179 521
95 802
440 775
666 61
371 305
444 419
520 730
723 53
194 701
76 27
453 460
427 801
618 52
323 976
378 498
522 446
245 987
924 873
985 888
841 764
172 138
928 744
639 844
695 382
480 563
87 238
470 210
77 916
388 833
485 447
53 91
368 643
702 360
461 390
618 539
412 206
290 558
610 667
462 784
527 500
990 694
645 25
26 747
248 823
709 854
269 466
69 695
434 372
507 790
92 888
787 200
860 786
735 134
713 996
280 857
134 673
1000 757
618 844
198 749
75 251
352 580
60 269
892 530
1 857
772 178
114 942
922 707
80 738
615 594
373 99
212 39
607 254
938 617
188 24
226 327
429 866
879 798
92 700
611 840
795 401
712 529
884 823
274 414
387 643
838 224
16 183
456 446
954 421
600 277
325 324
36 265
353 667
871 249
174 411
965 372
516 642
870 51
727 414
674 262
681 982
573 704
676 735
241 452
441 10
194 978
674 488
394 90
77 39
493 605
247 347
674 91
307 542
163 706
661 335
114 44
66 395
251 909
507 103
604 911
256 479
696 989
299 910
436 216
700 829
682 208
294 10
119 35
910 448
490 865
750 131
471 998
420 628
95 970
42 194
584 897
126 852
74 755
743 735
563 269
244 521
290 978
568 501
397 501
790 628
353 281
9 757
982 688
605 523
593 934
908 854
175 177
895 198
705 334
465 993
748 420
953 948
404 516
62 684
249 939
819 371
470 953
105 946
137 784
616 861
429 104
233 383
361 306
541 947
999 475
35 30
606 715
366 556
263 118
376 768
849 455
371 7
957 788
724 513
772 867
112 921
983 9
134 112
279 889
638 986
471 465
737 507
168 810
6 418
945 726
108 848
773 488
276 848
349 870
420 35
103 827
660 62
960 836
351 269
928 615
377 898
103 904
843 749
133 107
890 576
800 824
195 702
624 540
472 857
717 281
282 550
907 973
986 846
365 131
612 132
178 493
530 147
308 741
365 276
496 77
922 537
388 349
579 610
515 54
964 936
92 983
575 799
5 724
634 158
302 366
71 343
628 944
517 329
888 541
870 605
545 528
140 204
731 845
491 224
75 953
645 533
973 904
23 129
334 729
581 312
486 948
287 173
434 723
2 15
130 248
885 947
120 980
687 460
174 241
234 36
269 739
371 197
318 988
710 886
345 802
656 229
703 81
382 455
883 350
172 385
319 498
466 866
874 103
659 881
590 859
441 352
775 63
164 882
913 647
907 79
987 189
772 839
404 451
704 601
815 995
983 169
897 198
76 459
901 758
617 57
963 69
416 256
695 394
916 469
111 195
717 885
1000 222
414 585
247 15
707 473
47 536
312 138
95 876
385 805
118 391
360 859
179 257
967 808
312 926
235 473
635 152
48 936
13 954
6 985
235 758
477 685
540 909
407 134
209 763
104 495
570 660
792 646
652 678
193 143
231 467
912 443
531 291
71 170
308 616
44 822
97 709
252 797
843 162
738 84
518 894
758 19
666 182
762 94
139 603
875 213
509 463
993 386
575 968
762 193
269 805
719 973
740 792
196 318
288 801
742 353
283 697
246 411
612 972
629 48
612 885
611 666
816 370
853 953
413 988
140 820
497 587
131 587
729 884
345 687
680 400
202 988
132 779
259 323
870 487
727 362
713 296
876 780
219 51
220 744
929 256
826 248
185 240
280 220
366 32
31 369
83 554
764 179
569 459
20 277
518 508
150 912
608 16
937 440
668 119
762 591
262 585
27 121
144 998
180 194
327 109
928 882
385 946
958 465
999 703
333 941
29 404
52 811
131 188
153 660
338 616
924 487
191 672
620 342
986 600
843 241
2 435
844 654
574 355
310 870
835 853
785 56
539 194
871 308
265 768
433 358
89 708
258 75
496 706
633 903
444 354
292 754
698 589
515 113
687 993
202 316
990 301
271 786
636 530
654 580
785 491
474 924
457 842
863 916
478 720
63 706
762 455
620 937
513 481
783 913
495 887
685 227
561 477
249 601
881 888
315 322
271 377
533 192
745 13
901 556
812 121
336 322
615 324
321 643
881 602
589 361
402 597
760 644
738 881
679 765
911 290
930 95
381 319
916 30
475 806
9 350
997 149
446 229
375 769
581 598
323 378
932 975
868 902
850 633
337 842
265 53
657 747
512 18
824 292
240 411
316 576
777 210
150 956
462 962
800 797
293 610
80 131
317 362
764 437
932 84
472 237
459 326
921 936
591 976
932 175
744 825
263 917
895 530
930 626
182 987
929 71
293 82
645 141
938 921
1000 722
875 494
639 537
821 972
829 465
173 525
847 236
182 741
503 779
959 707
763 450
247 557
966 229
179 821
791 10
304 546
982 915
162 960
703 29
628 627
679 849
684 957
900 642
120 882
714 100
862 308
365 772
84 860
747 244
529 825
13 360
476 6
228 679
434 526
127 751
96 17
996 684
965 87
405 224
867 909
585 348
752 530
950 68
333 126
824 627
987 193
149 348
284 693
834 975
356 7
690 867
621 525
983 490
472 572
102 107
722 738
402 859
241 193
422 414
904 489
560 379
63 408
564 403
801 103
911 238
739 943
42 33
924 875
915 88
151 922
578 482
360 911
987 592
218 501
592 202
901 230
61 905
619 675
490 981
145 182
723 641
967 506
661 919
62 412
586 282
342 636
736 739
109 560
292 16
991 662
169 363
153 878
687 233
340 260
602 979
714 9
551 447
553 141
832 84
795 344
916 520
139 284
784 983
433 63
549 345
202 372
593 653
791 268
387 730
997 567
429 75
12 245
90 757
624 357
168 459
651 278
887 788
957 966
390 457
564 908
926 303
656 319
934 123
444 878
360 369
181 365
807 489
720 529
793 363
632 189
615 396
484 146
51 785
806 675
664 248
920 98
738 825
264 710
617 56
638 838
531 648
539 473
567 350
458 644
370 120
647 294
531 761
271 50
661 390
475 671
920 768
854 409
378 462
569 31
454 619
114 452
578 343
743 947
545 6
449 105
216 396
18 254
238 797
773 126
132 138
281 509
416 973
790 723
127 259
653 617
902 478
820 430
514 785
71 20
493 706
868 402
246 26
731 906
183 623
923 92
464 871
416 538
773 562
577 465
635 340
886 500
982 987
2 97
22 100
631 544
176 692
999 60
547 391
918 34
228 744
174 274
875 899
625 856
789 319
757 363
831 724
618 163
113 509
220 459
6 842
359 883
304 54
784 830
291 304
310 252
2 677
811 953
923 855
328 779
646 789
663 937
133 750
488 49
73 985
475 989
518 211
901 745
868 796
302 926
16 429
621 580
547 801
381 395
826 360
249 37
447 142
747 806
551 238
517 810
848 127
189 425
669 127
122 636
801 47
730 127
53 202
971 379
916 712
132 457
653 20
349 861
126 943
640 282
74 586
327 108
19 199
547 763
905 170
873 766
951 827
933 796
520 463
41 849
133 324
27 193
563 307
265 724
951 723
431 35
880 413
610 874
661 862
921 749
39 542
334 858
431 144
144 818
198 133
594 556
737 597
45 622
652 474
553 43
438 551
420 22
633 789
926 792
790 136
253 998
841 352
434 950
770 828
404 610
41 872
600 249
728 942
529 195
680 49
974 951
461 544
297 519
619 68
75 574
463 464
182 346
845 698
438 240
899 382
774 638
22 499
278 873
335 872
31 99
380 583
932 510
96 118
974 849
760 221
499 115
229 294
205 317
791 251
499 224
120 235
945 974
315 34
180 589
932 732
383 946
99 919
724 606
419 849
548 396
826 42
628 242
669 432
81 901
877 557
750 325
287 585
493 292
55 573
725 905
891 497
765 408
738 453
366 61
960 822
902 169
442 134
299 388
375 363
267 610
87 381
408 266
460 145
707 400
726 156
668 958
677 565
238 874
76 65
532 264
481 529
125 652
994 335
976 334
374 149
639 651
820 503
921 856
408 901
830 136
100 941
549 864
640 516
607 62
496 434
919 338
264 312
709 618
302 336
30 835
696 283
218 675
710 332
785 27
297 321
600 38
31 912
438 946
405 299
278 43
488 687
193 969
839 910
715 644
239 578
872 821
376 36
470 587
819 738
429 503
231 815
604 267
72 140
549 390
555 841
261 718
558 428
923 753
67 371
471 141
817 153
594 128
775 981
614 71
615 282
395 265
879 353
312 473
693 518
883 98
811 897
152 2
335 531
428 343
980 740
86 671
551 963
864 885
239 119
186 353
812 493
760 838
727 130
143 655
241 375
828 775
857 576
484 989
714 934
933 656
163 736
688 257
12 971
845 341
613 581
316 613
152 766
389 255
962 211
636 62
348 258
731 274
15 85
53 258
881 385
249 306
170 494
354 259
449 61
639 734
364 936
860 805
735 331
113 232
60 465
191 517
964 795
967 100
113 377
576 639
919 257
667 296
777 312
687 805
925 656
361 839
312 593
921 677
114 613
399 711
814 408
985 201
49 546
119 572
123 657
490 756
149 519
973 893
355 482
250 486
213 896
876 64
985 288
990 200
404 683
478 508
288 680
608 541
787 702
531 544
761 113
407 657
637 926
127 940
908 41
12 246
710 997
325 393
318 962
727 610
981 381
895 312
345 849
272 553
115 123
673 865
633 506
500 647
428 164
965 475
474 486
94 967
167 777
423 483
560 171
107 892
935 260
741 501
629 721
194 792
466 533
677 861
107 781
114 227
427 130
601 723
307 600
825 27
642 675
259 989
171 249
806 248
302 861
708 928
659 156
933 416
494 281
554 919
235 603
622 21
246 935
956 601
134 553
711 289
243 468
180 159
769 974
311 695
493 816
496 28
773 910
796 33
783 293
87 760
951 839
169 27
170 740
446 585
729 115
156 607
903 881
886 43
390 844
250 185
583 9
677 68
115 765
386 959
98 501
481 507
926 829
283 301
946 167
175 363
13 124
213 351
130 440
792 981
409 247
891 545
643 106
681 291
455 952
167 231
28 654
474 902
704 251
903 309
248 39
343 680
39 553
828 276
757 362
685 253
353 892
923 520
211 266
402 924
849 508
296 524
81 778
690 740
140 645
54 71
510 389
783 787
243 10
301 918
413 252
309 443
455 168
257 272
738 875
924 744
360 509
534 703
658 613
780 30
372 588
33 442
108 922
760 749
815 743
372 918
808 129
4 892
498 825
963 833
968 553
657 554
19 89
575 116
243 759
815 453
462 791
503 185
658 256
859 385
74 587
738 496
901 172
333 986
338 836
330 800
530 277
36 658
666 553
5 665
799 759
47 114
107 901
986 550
456 997
58 793
645 329
207 376
815 121
156 650
231 326
13 15
452 625
697 922
169 273
425 703
361 569
988 498
240 874
956 16
541 179
550 891
828 737
157 742
837 132
563 529
838 231
953 895
758 910
192 491
654 757
6 932
297 800
740 360
533 861
715 854
385 133
996 537
577 873
394 93
902 509
176 157
305 511
552 584
238 303
831 318
621 918
876 897
368 964
55 572
792 102
404 372
261 173
869 88
119 361
543 283
211 866
786 636
473 271
772 575
590 290
353 560
927 521
416 185
184 69
226 704
155 708
856 631
433 794
473 41
233 10
355 13
337 618
912 840
274 93
539 271
868 373
415 956
364 980
570 731
75 11
848 777
939 482
535 737
715 123
113 301
350 18
579 536
193 373
925 572
32 821
514 585
606 227
517 338
22 848
369 532
740 621
620 459
972 474
715 345
681 89
439 377
181 176
727 307
891 632
273 479
771 104
681 379
24 530
666 449
337 445
374 624
323 766
909 859
226 241
443 201
210 84
342 328
470 738
767 840
590 723
168 608
153 460
851 165
175 184
775 980
922 440
462 497
444 836
175 980
72 107
63 855
500 723
194 898
410 711
730 752
508 230
794 943
977 41
65 663
82 719
873 232
418 333
627 25
42 353
622 564
355 762
337 795
914 405
730 786
531 735
664 444
688 258
467 773
765 300
661 465
941 961
820 182
894 995
553 533
990 738
540 383
960 561
678 393
82 787
302 544
85 144
658 328
14 617
990 653
347 669
645 94
540 932
498 547
762 756
929 763
640 626
491 310
787 773
402 285
776 18
782 8
431 218
937 33
611 86
278 379
709 589
126 593
58 977
886 99
278 234
351 992
338 449
355 485
212 90
352 365
114 836
139 488
102 441
749 606
314 665
144 424
625 545
898 65
723 172
10 513
706 802
230 428
968 261
509 251
171 542
227 874
853 930
803 85
1 243
202 596
331 952
10 355
194 21
893 966
729 797
468 478
762 368
148 100
506 948
858 385
551 998
789 989
276 128
793 282
817 428
51 640
413 57
732 856
237 853
403 255
924 939
85 481
160 792
379 140
200 521
65 925
561 560
800 744
335 753
693 19
553 992
130 851
39 385
522 941
800 839
364 894
38 7
596 689
133 221
781 545
948 246
215 561
5 385
243 650
759 165
799 786
322 552
60 212
782 919
144 871
215 909
737 696
616 619
328 403
454 471
862 464
23 166
945 127
926 845
145 732
532 920
495 638
723 219
262 272
747 33
838 248
429 747
774 656
83 233
68 371
984 668
999 284
346 492
54 981
475 128
572 786
996 614
615 204
170 872
620 614
733 769
20 802
851 458
120 233
241 476
168 854
479 622
796 258
870 373
48 444
211 984
506 968
696 632
57 450
720 398
259 794
461 160
753 100
87 234
848 482
246 521
670 191
764 206
273 61
893 302
589 53
384 700
721 133
685 87
461 386
744 34
2 651
115 383
293 329
420 717
155 360
906 480
477 541
740 389
928 7
285 918
315 532
792 630
957 132
705 939
868 289
910 10
373 227
381 958
221 649
957 245
443 262
554 867
253 388
294 686
651 569
869 810
653 877
781 184
931 535
491 28
473 569
992 519
634 190
672 361
302 20
654 297
782 738
474 889
221 476
371 499
705 279
706 584
211 90
339 17
235 160
740 636
37 506
116 421
248 213
176 850
763 758
837 131
965 94
594 888
666 29
336 904
541 939
70 397
654 132
864 414
684 649
854 825
887 730
340 899
171 759
903 62
573 903
502 380
43 305
580 232
656 648
181 163
733 918
475 906
152 87
56 862
251 675
233 876
52 432
20 214
354 680
464 40
85 552
836 272
604 788
623 40
860 398
509 600
556 919
599 19
432 549
477 981
413 909
569 415
668 488
261 78
925 503
623 270
592 82
42 63
939 199
43 778
299 676
618 906
199 135
56 495
150 811
744 828
378 230
402 310
611 428
574 32
705 951
669 788
31 751
933 143
113 300
60 301
946 266
415 733
990 67
38 380
421 332
47 390
933 481
809 147
187 259
979 287
193 406
587 631
309 796
718 760
847 284
953 795
413 718
469 690
110 872
607 508
222 922
94 581
997 528
840 469
533 926
571 327
590 673
157 634
334 354
296 566
444 726
785 758
626 732
128 799
236 784
199 287
410 597
216 968
968 87
966 582
788 290
366 786
976 962
616 42
101 239
820 627
949 785
718 86
168 814
78 305
172 846
210 409
211 912
307 721
404 265
703 919
872 401
29 100
355 997
530 715
983 487
769 341
848 232
246 625
15 38
199 325
436 9
773 246
561 612
800 828
394 517
913 499
590 473
575 399
643 551
48 799
221 576
421 14
676 516
223 58
469 274
200 827
682 357
277 719
408 786
615 513
905 450
140 377
841 476
36 826
511 24
938 9
347 863
155 156
870 670
586 360
622 554
737 780
921 453
313 984
614 586
615 743
902 993
437 541
947 281
866 417
163 262
681 453
519 989
850 436
226 506
870 947
382 233
439 98
483 946
889 155
690 412
379 869
696 5
415 245
888 685
457 775
646 627
918 244
477 348
940 852
98 531
652 32
67 704
261 516
552 340
423 565
24 269
337 186
979 887
319 510
908 265
379 579
90 530
272 555
640 584
319 274
205 451
478 969
68 77
695 224
12 506
168 891
869 189
62 272
737 290
30 1
837 671
750 656
586 657
422 735
867 89
391 720
34 975
831 616
203 972
167 105
578 688
514 731
320 180
271 63
901 404
649 331
833 486
941 915
910 354
829 594
721 297
190 52
270 696
342 211
200 744
591 996
406 636
8 443
412 389
855 915
144 555
532 502
862 220
661 726
356 634
48 827
804 534
643 400
860 954
592 312
22 575
92 901
265 526
140 398
892 523
607 112
937 992
279 53
761 422
545 583
987 898
252 793
734 397
408 669
586 396
734 28
832 4
889 85
706 613
909 128
732 997
232 863
990 452
757 455
962 913
779 749
338 87
230 73
281 579
34 444
269 113
565 321
421 856
831 721
998 66
608 904
650 397
607 746
920 308
884 109
187 247
25 208
408 200
764 523
413 841
784 355
970 626
115 89
498 371
779 88
641 31
290 103
592 555
32 966
906 941
16 667
592 698
833 672
