984 1144
812 885
331 359
73 544
731 1
622 927
675 835
685 129
214 975
576 52
580 484
520 931
956 872
65 50
117 391
926 922
292 60
361 482
144 660
972 65
984 779
877 298
578 261
884 155
856 329
298 424
18 45
542 506
655 706
18 930
487 264
294 576
284 291
365 955
409 717
282 724
808 957
971 475
251 623
206 643
153 675
662 959
634 777
464 869
6 936
85 192
983 712
91 108
314 188
485 18
161 687
851 88
407 67
648 626
454 237
354 962
852 943
785 149
789 973
276 240
234 296
895 6
213 463
355 483
73 93
82 495
699 825
546 107
524 966
323 318
747 83
298 207
782 396
512 176
540 589
175 488
301 756
469 173
911 826
797 827
407 900
826 1
966 326
23 904
599 766
793 249
284 629
923 170
269 520
26 400
114 927
125 505
177 737
129 312
686 211
61 752
244 245
849 957
409 88
552 692
172 645
154 109
84 262
516 579
631 513
762 935
591 744
555 377
363 621
752 904
174 31
775 495
528 389
800 761
885 705
850 607
837 356
282 578
506 36
393 159
214 33
699 105
310 417
893 48
631 504
711 686
606 762
560 703
291 758
356 687
326 394
602 643
708 915
662 462
418 823
632 163
28 38
435 854
348 832
167 715
387 485
421 596
374 35
618 648
706 262
652 129
491 230
570 67
114 548
225 100
128 690
845 158
787 578
507 433
208 853
717 217
900 739
496 852
756 864
877 117
608 353
406 916
964 124
296 13
200 930
443 277
561 458
127 851
768 920
334 135
520 10
761 442
103 51
145 280
109 743
789 645
176 467
710 250
730 147
121 233
906 927
933 586
413 189
474 499
426 586
944 638
874 667
853 87
487 957
15 223
796 131
168 788
52 709
932 23
433 659
720 175
878 462
61 633
347 514
871 765
62 455
577 978
841 300
832 796
539 58
171 822
186 737
731 696
202 848
338 645
495 129
870 770
500 809
405 683
12 842
981 652
559 240
973 437
550 915
677 643
360 744
51 742
869 140
680 928
689 575
219 358
617 965
90 701
369 237
654 777
189 687
808 890
847 579
77 141
243 456
673 405
769 440
208 389
789 949
247 650
303 299
738 799
468 478
597 873
289 83
211 780
906 353
824 812
474 816
219 361
929 16
129 213
596 55
641 428
733 625
893 778
460 780
214 847
435 603
232 41
162 866
16 384
605 450
245 625
535 588
376 172
602 642
694 511
478 440
61 368
12 693
406 980
895 134
339 422
221 520
245 118
946 187
355 222
152 36
469 638
415 155
861 780
563 172
388 54
663 876
737 551
191 862
776 132
340 561
402 33
848 514
699 350
965 554
195 822
172 441
752 169
955 239
358 577
102 394
356 593
219 858
753 180
574 374
608 905
817 947
294 567
978 451
426 477
145 634
262 167
693 754
728 916
397 599
532 246
299 283
20 917
864 718
847 405
679 248
443 83
849 194
779 257
759 1
571 680
745 293
878 374
706 260
643 238
225 706
135 707
718 240
209 647
755 528
783 515
104 491
494 466
608 307
930 673
892 104
13 62
954 766
643 275
758 381
393 581
957 238
655 398
67 484
909 749
103 661
68 821
680 353
4 769
936 779
892 60
890 28
771 126
451 415
78 1
533 127
648 552
902 421
192 223
321 327
818 63
368 557
284 454
33 287
676 413
537 733
336 11
26 406
83 412
635 734
402 450
544 110
415 445
701 21
97 16
82 573
197 31
48 826
317 152
671 835
417 676
597 195
821 173
682 680
716 609
463 98
498 505
196 858
874 710
939 796
39 594
156 488
599 483
589 199
642 515
800 138
520 758
32 681
8 91
5 921
807 366
775 204
271 736
786 686
326 21
69 275
780 453
368 889
317 610
594 721
553 197
892 488
31 422
455 501
46 575
847 2
576 143
499 39
576 595
607 80
474 738
442 279
330 181
680 712
276 646
580 853
389 929
548 532
585 710
743 759
767 385
638 189
62 108
744 67
60 100
841 142
430 644
578 144
293 204
418 267
779 829
354 160
643 202
659 377
481 705
368 724
449 234
658 875
579 379
318 38
967 35
441 272
372 640
463 674
4 165
636 394
894 366
394 499
63 770
80 434
540 768
711 467
118 585
957 279
130 35
456 111
772 792
284 269
786 492
539 888
68 756
117 914
610 469
248 285
235 555
142 764
201 582
536 933
936 427
198 982
131 500
484 494
189 150
318 465
284 788
191 951
973 264
126 851
332 695
949 259
211 574
1 799
485 125
888 551
755 710
829 798
316 569
22 433
824 752
206 839
655 234
269 38
153 445
151 245
490 955
784 212
937 68
81 941
255 981
477 26
788 174
536 628
222 123
498 727
80 11
708 622
559 443
46 563
416 749
479 332
714 787
270 216
879 417
40 307
333 55
801 586
807 765
59 654
904 36
57 682
159 588
924 447
662 642
739 556
496 577
750 338
365 963
197 338
676 542
805 942
72 456
648 797
538 548
415 578
478 670
951 379
628 815
383 65
558 380
697 304
172 532
277 768
909 803
336 734
116 639
411 531
325 216
241 545
509 86
553 125
774 70
20 252
850 114
15 100
361 901
402 518
502 353
798 347
40 110
352 795
431 248
782 883
555 268
783 578
308 615
369 526
156 808
527 646
46 186
239 136
78 14
488 486
776 626
646 378
126 86
653 15
512 887
72 942
37 400
535 113
615 536
70 798
850 319
451 434
529 643
807 112
948 774
172 107
41 366
258 682
289 297
31 641
258 816
353 24
888 228
799 207
974 804
931 673
837 173
528 794
46 507
599 380
178 33
453 751
152 607
440 918
773 216
918 266
367 926
316 590
177 82
737 568
929 153
897 300
568 124
357 230
491 352
900 303
268 204
267 893
203 791
645 271
491 916
29 768
102 909
837 956
942 707
428 668
65 638
737 354
225 715
405 826
713 322
675 810
646 415
611 215
354 22
651 95
866 693
646 229
903 735
545 757
532 876
533 704
505 882
391 219
760 667
700 882
333 229
142 454
192 169
835 521
719 626
800 652
711 481
472 704
67 676
301 693
905 300
138 511
902 925
559 939
746 909
423 557
178 4
414 715
430 609
350 624
276 883
93 777
184 790
213 903
405 348
818 385
697 279
385 67
833 620
898 432
165 396
499 717
529 707
301 41
659 960
616 109
33 555
224 33
592 568
644 167
840 784
757 602
976 138
408 636
135 882
450 269
912 480
137 652
407 161
131 848
877 52
692 356
350 839
904 335
712 46
502 598
203 636
96 467
919 221
510 680
888 346
216 57
377 770
113 280
101 447
538 779
713 49
3 432
647 86
347 649
352 322
870 357
637 571
74 111
801 728
913 155
287 8
516 966
595 967
258 213
317 499
141 49
347 945
579 689
598 189
429 254
382 691
90 934
488 239
458 143
858 725
607 168
839 815
892 432
850 216
36 644
42 140
305 767
426 146
101 654
25 654
143 263
878 917
944 398
131 455
322 517
286 278
717 202
694 672
359 32
490 964
184 743
657 679
770 255
364 729
277 285
247 290
760 900
769 453
573 812
90 107
194 387
109 436
165 812
367 524
97 571
359 394
43 455
359 551
925 694
418 15
206 143
652 843
583 49
457 338
605 537
441 854
324 62
622 566
245 334
974 508
587 586
220 548
123 814
19 87
478 803
53 242
5 199
191 560
907 58
161 915
899 31
101 406
305 3
822 507
167 689
251 232
256 62
980 496
404 945
750 925
495 716
633 490
693 20
102 74
918 408
984 615
613 427
635 914
175 361
102 443
784 535
389 211
516 887
27 337
256 74
663 27
872 625
86 252
633 35
349 186
41 588
366 43
578 806
910 645
451 726
108 55
111 576
555 66
10 614
51 196
216 14
822 713
75 513
520 255
167 347
531 480
847 46
543 576
828 166
579 274
501 788
688 752
969 321
146 578
658 283
331 9
172 889
415 538
590 262
305 706
779 407
40 349
716 147
810 118
535 543
365 86
272 705
68 252
222 911
405 864
638 398
593 362
107 620
393 808
72 96
222 471
97 209
122 649
295 755
120 536
676 626
703 470
192 828
46 252
931 441
134 487
80 802
546 649
89 543
714 945
25 243
979 315
274 218
284 226
342 751
906 222
641 966
927 290
299 751
10 23
529 411
103 648
963 14
361 170
677 112
163 758
8 474
213 385
576 211
126 631
173 752
608 332
795 135
204 319
172 164
44 267
497 631
200 394
909 946
960 951
206 448
584 160
424 142
438 396
979 525
40 202
962 522
187 648
566 681
921 462
267 763
328 145
847 467
453 45
503 873
556 707
518 552
722 727
843 519
927 870
55 927
556 864
161 717
21 503
190 759
193 177
507 835
53 478
177 821
165 719
449 919
520 751
489 341
981 486
17 32
486 870
391 515
526 580
74 723
308 926
830 125
799 273
54 755
634 743
148 636
627 672
343 187
938 93
556 668
508 326
354 917
285 103
407 280
193 731
765 725
137 220
898 855
733 510
609 563
595 478
96 319
297 693
58 464
398 866
230 560
84 667
953 855
188 692
180 858
339 946
148 526
60 657
381 861
833 597
615 390
685 698
741 575
415 984
757 752
735 131
395 100
537 873
489 332
420 480
960 213
233 660
634 808
959 403
356 930
667 204
159 815
848 119
108 246
489 138
261 84
952 525
130 473
282 135
594 296
978 757
716 438
243 867
221 230
303 187
670 218
52 889
861 275
55 476
8 118
382 2
777 726
253 821
783 235
175 125
648 829
649 68
377 79
756 101
274 149
236 600
369 705
156 965
125 170
128 352
48 485
287 775
811 542
217 863
623 752
895 639
800 153
655 778
262 525
916 360
709 22
346 971
813 959
396 745
870 837
864 682
104 825
309 151
776 450
491 389
342 785
605 127
961 88
613 376
907 899
395 704
241 246
291 563
135 42
735 948
68 223
111 720
336 787
706 145
488 226
477 901
169 635
551 160
582 828
739 813
665 876
93 688
454 45
91 965
718 771
287 63
413 196
458 329
51 821
488 334
959 127
956 354
704 175
373 569
421 369
131 746
317 291
551 679
79 495
631 675
282 373
459 865
514 899
803 755
189 88
471 321
257 605
948 719
867 885
798 720
509 517
915 616
286 300
544 634
7 538
368 964
968 897
648 662
169 259
844 902
110 781
312 938
775 979
303 712
242 513
495 681
566 903
404 49
274 362
