1000 4998
484 605
638 172
394 677
514 838
806 205
551 794
272 836
679 699
576 563
728 236
315 140
846 682
247 483
943 701
103 432
57 163
454 680
278 995
998 744
655 185
786 824
586 557
695 221
657 90
584 354
951 808
860 147
300 331
871 113
229 566
12 138
144 760
77 324
273 804
207 359
517 201
294 519
800 941
153 484
156 119
621 570
892 758
179 398
636 362
533 260
989 279
827 100
573 600
333 937
155 578
615 253
266 579
908 471
525 864
505 938
714 904
255 989
417 364
368 703
774 747
386 27
225 571
957 874
409 220
160 204
268 383
265 875
480 21
911 743
881 503
383 707
760 362
851 21
423 763
111 309
547 268
175 727
489 180
306 418
677 102
114 369
188 21
557 817
959 877
671 600
72 735
639 665
912 185
126 804
988 460
241 740
919 607
719 332
422 324
425 416
98 262
617 833
135 974
85 406
358 220
886 918
903 23
418 74
345 338
644 663
937 875
758 424
831 418
978 146
66 680
500 754
653 788
303 432
451 475
657 292
266 379
109 972
873 355
556 11
967 291
171 415
373 572
172 697
981 829
503 137
710 803
641 147
327 528
219 395
505 330
37 731
313 501
758 74
775 296
652 790
45 64
174 566
673 341
654 660
730 366
211 535
568 654
884 281
520 821
171 803
224 368
887 468
687 171
263 158
946 390
892 1
638 80
547 678
414 30
161 554
507 923
524 33
517 770
269 676
497 964
996 861
975 731
176 616
484 198
946 281
656 196
656 139
70 362
808 757
914 644
516 27
820 157
773 756
560 544
188 993
890 74
374 299
339 375
861 317
399 140
186 142
558 648
834 168
773 808
643 379
363 384
899 435
259 349
844 474
171 178
279 760
670 152
619 166
530 938
448 145
701 699
328 962
206 306
789 798
651 54
781 190
909 807
729 974
821 624
237 62
2 965
628 196
761 828
280 148
834 48
74 134
451 342
757 374
109 4
88 848
844 518
97 708
95 49
331 992
334 1
887 53
620 554
340 127
753 580
954 146
437 942
521 813
439 862
960 768
761 542
299 510
851 701
653 121
268 652
732 982
514 257
272 156
898 341
113 291
259 540
761 852
850 946
6 624
438 168
390 17
929 321
782 989
624 842
276 100
883 6
111 747
531 227
78 292
668 279
834 606
465 286
202 565
230 30
795 65
289 552
783 573
808 626
272 783
919 987
58 166
832 221
907 322
227 78
615 137
283 160
210 983
211 882
857 702
270 816
345 292
128 438
983 904
37 268
409 245
296 309
919 503
61 544
496 610
996 77
905 349
905 959
47 168
839 60
494 63
933 183
330 515
2 36
901 515
302 386
194 905
963 813
286 803
637 250
472 848
204 515
864 460
457 874
493 529
901 111
97 404
100 291
542 158
449 390
854 65
86 778
412 537
587 141
528 585
290 944
990 641
799 901
956 94
614 678
978 79
320 846
376 336
598 944
359 626
693 131
515 626
680 904
914 915
883 643
682 481
443 994
903 29
745 678
444 838
194 740
176 44
68 413
802 848
529 744
961 907
344 925
863 740
239 3
591 661
621 271
907 439
611 869
72 658
605 195
625 378
183 678
577 880
539 182
996 285
997 617
725 372
893 636
52 867
254 144
927 409
348 245
827 627
153 526
378 807
903 574
1 803
818 49
504 727
818 82
787 682
286 708
1 596
14 357
175 412
218 397
498 291
433 135
249 102
429 196
742 572
802 875
507 10
948 299
472 484
950 644
130 845
610 323
540 533
351 409
262 49
990 724
467 756
820 635
341 147
783 44
254 58
882 610
829 702
79 384
351 328
389 434
283 944
339 546
254 133
51 663
556 553
116 174
540 275
751 343
669 838
202 559
958 626
655 984
190 853
508 875
272 105
967 895
716 167
378 933
494 717
500 430
319 554
523 378
29 674
345 109
447 179
527 875
933 419
52 678
41 973
624 329
561 201
444 971
656 30
142 935
518 322
150 360
425 868
192 676
652 413
390 140
449 160
143 211
732 216
767 700
142 139
610 115
792 82
242 57
590 876
278 91
171 127
669 276
870 106
100 838
516 887
46 845
114 38
493 723
850 437
941 235
723 372
990 244
379 570
674 678
416 213
713 833
110 446
394 499
679 966
388 376
611 532
387 11
188 803
673 904
48 544
358 119
821 304
9 424
895 340
181 145
143 590
981 460
737 94
46 738
542 335
174 944
895 238
179 221
879 95
379 515
367 380
292 969
388 876
296 896
116 374
763 616
175 462
395 473
35 804
587 499
842 73
326 814
970 607
990 780
934 553
701 359
59 788
782 853
651 703
11 706
570 965
608 346
610 364
865 519
284 954
483 4
104 890
712 121
472 766
785 424
494 429
128 26
864 495
165 907
746 707
114 997
175 665
48 220
849 766
154 862
344 802
531 502
951 641
104 541
94 313
169 563
612 190
888 671
206 758
337 178
320 278
526 319
478 310
948 152
142 211
91 335
326 746
383 336
649 330
733 473
189 76
109 407
446 48
232 295
237 98
783 334
144 408
914 235
1 289
429 330
274 791
547 386
478 186
613 251
210 588
210 921
941 803
216 400
147 226
895 346
492 760
996 499
794 401
523 184
909 53
715 391
382 506
609 406
186 762
2 962
154 995
709 781
393 60
980 992
489 496
551 688
181 624
729 437
590 355
487 992
3 666
465 60
775 503
796 83
523 813
820 695
251 65
110 293
712 734
808 353
699 335
555 9
956 809
177 536
228 702
466 815
352 594
704 16
874 187
379 779
858 992
911 68
770 933
823 685
203 620
994 666
459 592
799 636
752 932
724 428
469 386
504 658
410 481
466 514
124 573
657 29
396 71
1 942
792 211
550 280
573 588
791 501
423 240
522 692
135 938
120 204
854 907
230 364
546 101
273 63
285 570
142 872
632 811
306 588
924 341
863 125
538 788
491 811
705 442
757 370
199 129
637 405
547 395
927 890
801 911
986 584
550 121
53 703
350 926
216 301
281 406
799 682
215 335
50 407
345 912
367 127
461 261
715 990
313 271
494 100
847 702
650 428
192 76
247 372
11 983
910 966
303 808
197 469
508 475
695 492
110 180
498 170
979 786
490 631
273 900
13 824
237 282
760 600
815 584
214 412
530 117
653 854
524 322
451 659
157 672
94 76
187 634
920 648
831 840
964 803
724 506
616 897
266 944
874 173
88 688
234 914
806 148
827 241
684 849
103 594
953 949
616 134
836 660
984 842
339 403
114 238
269 38
905 947
85 658
723 890
580 657
320 370
100 312
963 949
845 688
711 772
487 592
358 101
915 182
860 896
365 478
384 702
367 14
432 812
423 296
844 734
869 990
1000 78
632 826
104 148
548 403
207 571
494 235
951 232
916 724
339 539
903 677
984 897
120 840
891 164
239 170
213 400
451 381
219 84
716 636
272 813
93 357
151 331
223 43
667 58
613 671
688 554
637 872
393 975
199 968
655 94
523 77
987 460
625 404
454 336
935 435
577 924
743 689
64 585
194 568
671 62
858 998
231 759
810 503
869 672
679 398
712 890
496 607
886 726
478 916
796 183
673 974
855 290
31 209
378 607
750 1
420 131
115 864
295 235
1000 679
20 896
815 912
7 642
194 986
783 109
988 683
971 702
550 902
839 616
519 717
97 302
8 620
262 318
493 846
194 310
964 377
123 175
200 49
988 58
37 279
609 638
801 592
222 813
326 312
905 288
739 321
301 877
33 759
613 18
644 168
546 294
807 697
792 313
893 327
870 888
581 251
230 411
44 833
947 10
820 260
199 258
171 331
437 697
20 407
358 666
385 790
957 552
1000 702
561 778
835 833
603 435
414 381
489 842
772 940
274 563
611 230
590 868
769 362
762 134
364 102
672 791
731 23
126 481
550 178
704 703
610 688
918 812
452 132
557 495
637 380
924 67
888 794
602 232
394 814
487 432
732 803
551 586
533 305
493 73
973 383
828 537
613 285
333 736
194 474
465 101
429 940
85 231
177 230
951 617
360 727
931 256
291 983
370 529
519 121
478 139
61 161
500 455
706 867
998 877
881 381
802 255
363 57
951 600
730 932
694 884
837 896
906 209
660 154
368 93
306 134
105 867
788 672
326 675
752 377
348 367
594 582
442 427
482 127
795 357
742 27
135 75
528 915
211 673
33 862
620 246
711 130
513 834
106 46
919 337
265 294
316 311
421 471
363 766
907 387
28 739
679 823
124 226
594 993
438 198
387 683
25 982
880 419
320 124
800 897
622 252
303 877
713 14
624 10
843 805
143 916
130 904
455 614
95 48
417 56
260 27
523 663
560 56
172 212
800 624
546 1
820 499
625 109
930 890
951 141
844 457
888 43
352 316
903 916
868 906
961 395
615 224
410 577
755 527
250 896
326 864
493 59
263 803
277 438
480 80
316 129
451 23
122 80
488 571
124 332
287 682
120 386
184 62
720 16
847 760
834 607
317 724
925 938
621 464
788 510
967 307
240 826
222 293
956 26
24 225
226 357
190 306
483 260
653 173
194 849
66 666
451 239
850 62
418 563
643 22
988 587
437 507
852 482
520 406
699 85
99 756
445 395
708 397
429 209
711 549
497 671
730 877
128 137
737 541
437 364
438 362
711 382
976 18
632 159
83 840
670 635
500 727
998 647
431 983
186 4
838 198
215 124
526 694
699 396
883 14
96 492
738 791
679 476
478 689
82 134
393 692
581 96
58 112
712 785
905 791
586 197
893 123
990 646
684 670
41 800
188 49
940 334
7 474
155 341
512 77
960 483
309 867
604 384
951 131
256 267
899 425
421 26
557 896
668 923
759 641
136 987
346 146
690 683
358 846
14 427
860 837
553 896
516 105
455 890
719 217
192 338
410 706
286 508
70 898
732 385
436 838
364 235
252 30
864 702
730 468
85 148
801 758
821 341
694 566
143 308
109 569
316 314
113 235
913 830
485 510
188 200
761 250
22 923
31 473
363 792
161 605
181 492
785 559
181 530
592 359
846 502
922 536
509 459
924 446
619 574
19 122
378 439
196 722
512 243
952 563
400 983
701 936
538 862
206 271
540 78
173 936
651 85
546 696
946 309
556 939
344 362
68 294
237 33
937 78
228 239
500 596
410 387
392 563
730 873
162 703
513 584
1 563
422 687
49 658
95 483
984 980
778 636
174 605
50 32
785 147
219 174
398 734
241 682
438 460
521 840
42 486
106 350
78 472
26 9
615 889
500 701
550 658
785 458
470 989
307 429
878 3
72 95
348 505
761 72
298 31
11 235
857 260
578 544
490 994
107 898
555 803
203 150
718 776
730 247
25 64
967 785
815 840
172 830
91 644
138 567
911 239
786 574
197 834
186 795
856 759
722 825
83 496
447 883
268 102
234 658
213 854
163 658
592 695
352 479
373 34
278 636
317 100
718 294
777 760
341 760
639 545
379 96
179 127
303 202
3 166
534 301
231 115
114 463
312 391
244 212
228 782
691 613
447 492
583 30
179 313
787 574
249 285
914 722
961 125
555 495
296 507
186 262
150 661
742 462
542 332
598 441
302 234
929 214
929 793
192 301
508 432
272 414
601 655
432 458
243 815
190 209
249 151
230 823
46 788
432 537
642 270
696 370
900 29
370 256
632 83
835 244
480 885
409 145
104 748
34 235
612 983
161 673
661 62
936 289
609 808
611 809
3 828
742 325
104 15
55 187
656 248
122 390
32 665
24 673
677 515
756 468
773 112
213 610
45 676
561 843
232 949
448 146
339 302
710 867
472 163
586 750
951 640
308 902
954 209
313 606
701 612
206 2
113 112
390 453
854 894
11 48
953 244
68 39
106 510
342 503
201 564
12 69
97 635
979 434
243 59
45 838
64 902
378 900
461 312
669 777
821 518
953 853
326 945
916 305
97 980
12 734
899 407
524 623
937 483
830 357
763 966
485 614
437 828
629 20
291 43
41 298
298 35
956 463
406 626
7 874
915 983
730 845
297 279
567 231
750 189
662 852
666 942
278 216
404 99
390 619
144 740
708 721
583 999
252 804
808 926
643 402
551 261
742 679
573 675
130 707
975 814
765 10
753 160
488 740
772 819
440 700
737 442
701 233
776 128
372 30
905 508
365 741
931 117
650 983
433 538
417 92
616 471
874 939
536 843
792 548
556 630
260 75
133 195
871 270
351 183
487 499
287 932
669 698
551 870
516 686
973 539
956 437
613 57
505 628
990 205
525 680
175 484
801 797
253 964
551 680
283 153
436 443
753 547
153 651
595 860
711 160
743 161
121 178
525 569
929 987
651 739
184 14
899 178
203 353
261 864
527 563
778 151
906 683
923 962
6 386
303 954
273 201
385 969
783 955
189 271
493 322
369 135
519 172
194 178
273 379
601 697
601 876
103 21
105 330
486 180
540 916
109 189
436 275
94 275
477 697
973 532
789 211
577 897
796 51
642 76
907 16
793 383
709 132
527 141
858 187
197 944
181 475
861 158
142 351
184 784
578 833
315 685
939 992
264 275
798 330
979 240
750 572
711 274
782 558
387 364
817 989
398 678
755 564
662 64
272 930
719 716
130 535
207 909
637 83
50 399
231 795
783 469
496 491
772 425
844 481
338 841
38 252
49 826
315 196
601 296
431 432
549 8
879 716
274 397
497 582
901 357
775 570
789 25
409 824
176 29
780 678
782 646
373 326
237 636
179 974
516 803
205 595
711 320
970 306
796 614
34 280
13 129
512 187
948 492
821 538
794 641
625 764
774 641
560 573
139 989
742 277
118 942
447 635
484 759
550 530
416 458
272 814
866 36
538 569
583 159
6 499
870 169
494 493
781 578
63 235
785 541
348 714
145 299
436 481
19 315
311 322
928 920
8 862
996 172
465 534
598 919
586 54
309 280
20 282
367 22
403 585
903 960
390 43
420 588
387 634
86 464
752 535
496 18
842 696
46 372
519 703
871 123
425 786
432 168
63 158
527 721
232 154
586 351
731 794
550 498
576 660
976 777
761 664
979 260
262 233
806 258
428 408
451 703
105 880
986 478
344 781
628 10
509 579
442 877
630 458
960 738
640 341
871 387
255 341
358 359
732 971
17 693
787 400
516 86
420 804
126 954
773 173
256 574
338 605
100 108
211 460
393 209
883 497
655 137
50 703
568 342
197 572
440 351
113 182
45 591
136 706
155 174
429 398
214 273
342 688
309 584
735 364
955 74
986 718
618 481
899 830
197 619
523 213
905 658
798 388
957 827
835 977
857 681
731 22
215 953
454 659
625 389
206 834
866 380
846 837
830 131
98 840
273 144
297 88
822 777
199 951
197 89
783 710
553 939
843 20
55 175
657 797
576 126
761 840
372 398
597 664
491 251
581 830
358 164
449 380
940 812
234 427
300 459
571 309
681 554
315 115
218 220
300 306
581 116
767 615
363 56
189 434
899 593
39 290
514 28
908 379
762 481
162 968
571 698
589 69
536 111
974 539
903 926
298 942
423 720
382 589
761 710
874 471
285 377
302 950
215 807
164 779
275 703
298 740
649 852
140 569
524 773
339 145
451 884
621 325
821 131
87 788
240 634
496 271
978 639
353 829
262 559
708 991
604 306
423 225
651 717
823 671
883 774
216 282
166 75
976 254
629 434
26 726
82 36
783 47
691 641
449 197
657 920
450 694
786 627
307 35
533 875
927 248
38 628
367 453
956 57
478 998
997 233
929 25
870 479
750 435
556 313
113 289
331 374
612 432
742 345
856 578
533 145
517 330
813 731
110 727
808 314
275 894
378 52
256 897
26 686
216 135
262 989
597 137
712 747
512 472
783 575
694 619
36 912
20 682
878 660
176 736
114 659
494 733
886 989
454 572
429 191
376 693
686 282
640 445
269 331
34 775
328 430
474 150
72 853
516 870
151 875
315 786
338 251
247 471
925 640
12 389
287 180
624 859
879 359
735 121
367 51
518 574
8 261
743 919
227 997
447 572
394 939
713 481
328 833
511 576
95 912
750 161
170 562
457 910
390 859
13 40
107 249
930 559
1 544
865 289
701 464
24 308
781 875
558 773
726 566
33 570
694 305
456 746
414 187
774 377
498 294
834 889
355 285
410 628
217 873
254 608
808 409
239 923
790 537
8 16
918 119
999 954
940 731
649 847
7 251
232 640
324 119
493 699
725 493
641 658
733 323
879 477
619 678
457 676
976 852
848 537
189 324
7 445
701 628
780 195
410 743
358 612
396 756
291 406
76 864
240 809
608 399
276 660
560 861
303 623
851 174
153 724
708 826
205 204
834 225
89 564
91 357
861 281
40 628
115 564
41 989
227 195
958 379
712 579
524 335
339 649
601 222
570 833
452 306
881 992
834 402
37 984
629 35
918 947
447 612
358 898
493 93
943 114
55 907
711 860
31 163
126 921
327 599
679 931
929 955
280 829
570 305
542 565
465 263
192 473
998 769
285 127
783 522
81 833
753 661
314 555
496 698
41 740
5 315
367 147
228 127
856 170
13 992
6 968
128 29
300 485
765 463
577 524
646 235
339 654
308 693
307 428
353 916
55 129
742 807
560 621
57 245
725 856
301 1
836 71
945 747
527 888
234 36
443 263
55 54
789 983
150 366
465 195
28 846
358 461
197 502
967 203
109 554
58 588
516 715
442 495
370 64
244 492
997 746
562 492
466 866
690 783
333 419
877 218
340 462
20 829
81 394
242 134
78 111
754 870
815 681
870 507
602 166
513 798
899 642
662 930
276 22
186 249
478 515
120 550
497 311
907 803
531 536
640 294
126 17
398 90
715 564
94 848
972 75
884 552
730 322
39 319
498 328
655 514
200 439
856 488
537 626
294 481
919 445
889 71
615 164
891 423
581 980
674 131
712 338
234 666
399 964
695 562
953 72
629 819
41 89
14 921
96 727
423 265
813 129
778 421
662 349
729 100
303 628
373 130
143 117
240 377
644 27
222 43
423 414
480 688
317 290
661 584
7 682
459 530
907 920
361 965
708 720
684 731
454 78
224 475
21 335
442 187
61 829
522 817
338 683
871 166
637 63
931 734
997 285
983 572
165 207
240 853
792 646
116 133
580 825
318 402
506 658
231 724
352 865
548 758
237 226
865 183
149 758
277 289
336 360
24 179
601 583
656 246
86 9
893 995
986 11
277 446
420 746
383 591
240 473
885 666
348 455
746 722
592 939
260 779
155 640
990 235
232 739
68 265
984 658
474 544
382 105
186 220
556 51
939 727
373 63
378 170
162 920
597 659
358 481
898 369
749 989
222 507
446 475
24 211
711 269
502 460
177 971
859 147
200 127
932 845
202 280
793 992
649 369
818 936
651 687
873 408
637 196
968 100
144 401
511 541
365 251
755 467
901 43
886 44
7 262
941 335
190 631
633 51
68 368
947 88
363 255
34 109
831 490
909 466
781 950
673 588
441 85
494 969
705 811
632 757
979 363
691 821
907 336
603 538
160 96
197 490
426 577
248 30
608 313
24 357
580 685
7 448
122 190
712 327
272 78
199 982
934 401
51 301
956 248
977 805
461 396
870 850
981 224
765 734
105 949
738 453
660 695
38 291
624 854
835 890
409 591
136 99
673 477
41 998
586 291
500 863
416 535
328 196
728 2
936 771
404 748
12 230
742 491
465 349
728 507
320 411
340 619
142 710
91 234
24 951
243 471
775 342
500 132
301 768
840 569
143 663
38 774
701 137
24 411
298 428
82 369
598 243
909 380
659 515
753 890
19 12
975 830
957 80
581 159
857 804
641 791
192 544
39 242
636 502
793 506
155 529
723 599
889 830
38 942
613 415
517 848
811 185
907 866
585 867
378 739
775 958
144 119
843 733
929 142
382 380
934 185
867 809
426 897
3 823
66 46
691 404
250 108
199 798
452 957
663 4
5 711
365 621
496 15
242 32
885 129
81 32
19 525
190 983
815 127
277 779
156 648
892 213
547 863
587 673
540 50
993 125
645 1
367 238
611 689
116 113
650 92
751 151
618 159
925 892
430 74
197 453
143 803
932 464
261 952
796 358
261 206
407 163
154 965
490 814
237 768
858 593
1000 854
363 728
107 559
948 780
933 151
476 626
302 190
919 665
25 285
6 274
180 904
908 841
780 992
840 993
285 841
395 322
15 693
342 591
552 10
19 101
987 791
592 438
850 759
96 880
333 50
243 607
997 27
819 564
496 147
70 965
671 75
273 357
843 965
735 59
148 944
391 397
987 784
207 762
933 756
50 422
714 73
609 77
103 688
903 630
577 875
562 619
887 519
802 648
207 903
560 400
568 488
987 372
643 803
326 893
184 497
929 46
521 648
79 736
862 321
887 329
751 4
85 260
985 859
286 80
696 983
142 302
86 791
917 876
821 547
19 980
331 467
149 312
269 47
210 109
355 473
746 260
431 473
668 287
640 362
382 439
662 656
476 355
684 824
243 912
886 434
444 129
139 942
598 486
815 18
655 430
806 944
858 676
19 767
621 543
518 658
807 555
225 473
479 306
317 51
373 150
375 182
985 819
433 606
488 458
200 137
988 930
203 657
884 569
603 477
479 323
887 326
906 310
462 912
13 736
730 82
414 172
34 733
544 406
114 984
298 653
538 698
320 973
69 793
269 914
219 389
511 692
607 675
594 693
295 477
879 830
649 524
344 621
263 462
891 609
412 958
126 853
732 144
218 87
891 238
336 860
192 875
925 66
928 490
206 340
511 570
432 790
625 526
128 621
24 510
333 802
228 870
891 213
175 195
985 280
783 384
470 873
91 38
935 804
21 310
511 438
132 185
668 283
314 288
869 694
778 768
928 515
192 287
597 818
490 873
751 251
842 805
442 916
828 880
479 964
879 896
997 716
11 995
928 301
657 482
729 2
731 554
237 786
644 163
819 695
719 292
903 40
773 686
602 248
988 493
892 900
144 901
162 169
1 503
924 458
662 908
457 552
39 493
797 875
870 867
851 815
637 620
668 980
656 53
725 913
789 665
452 708
932 607
517 675
457 697
630 565
258 954
426 767
614 356
870 681
778 779
356 559
691 63
899 761
144 163
625 865
810 652
555 285
224 401
496 859
478 266
498 563
979 854
429 9
395 807
303 174
914 698
249 695
292 74
8 545
264 708
278 45
152 828
104 651
562 738
655 640
358 853
903 567
363 256
761 38
861 204
274 371
369 381
333 126
744 112
981 105
303 337
488 249
509 564
23 694
953 670
623 727
903 250
918 236
539 178
598 331
946 583
504 462
488 947
103 677
694 391
547 692
399 51
751 708
488 973
55 518
847 368
406 565
613 675
970 143
366 450
375 336
638 693
416 793
951 726
882 644
850 455
152 334
831 54
85 432
512 836
69 534
929 605
783 497
491 460
347 54
165 3
513 33
534 427
514 424
392 962
742 157
373 857
945 170
711 870
156 497
533 931
937 829
376 424
549 762
560 20
247 205
24 375
486 229
714 191
641 722
390 154
789 378
603 693
375 845
650 720
575 942
932 503
690 721
963 699
620 530
641 435
456 861
19 365
974 22
996 126
699 907
47 524
194 208
86 569
160 864
507 27
911 674
550 38
418 127
609 173
629 139
114 475
332 102
79 1
710 506
851 962
967 496
732 736
344 161
472 406
181 140
515 209
348 761
440 266
347 982
844 650
979 329
120 498
79 747
743 488
839 664
200 863
239 316
386 127
781 720
187 209
261 570
243 803
140 538
327 720
448 739
177 942
948 142
490 425
179 310
581 424
975 894
667 149
958 355
959 526
780 912
710 384
16 566
934 311
293 693
239 18
24 620
896 894
856 48
106 543
662 499
469 84
345 515
344 541
73 481
823 842
682 618
184 529
294 412
24 80
480 493
214 169
509 197
616 969
925 321
582 290
488 125
217 673
493 244
58 390
651 359
705 635
854 279
963 547
948 960
711 193
307 592
508 585
326 353
878 722
964 178
239 767
475 646
792 697
206 492
412 687
12 788
514 710
463 455
928 863
176 334
711 523
487 904
832 794
488 40
904 814
773 703
907 696
278 952
725 864
870 774
870 73
200 147
624 983
821 675
37 244
417 853
191 914
953 221
261 342
228 896
410 403
375 391
395 77
749 118
363 455
749 780
407 829
452 227
535 458
296 396
276 885
940 999
383 678
670 93
388 766
533 741
432 322
917 646
754 808
519 982
332 60
336 370
886 277
302 860
729 913
417 215
203 809
404 926
78 230
453 198
282 837
194 995
907 923
892 187
655 201
162 815
161 285
831 91
48 195
919 399
420 384
120 669
227 707
801 656
949 567
967 184
527 865
787 174
882 135
822 75
3 178
149 63
394 697
105 613
817 678
284 263
984 938
255 828
602 424
829 424
644 1
928 877
142 897
303 636
513 197
662 498
184 439
773 673
922 166
963 165
527 411
796 924
507 148
839 751
623 322
366 164
719 53
441 518
491 678
451 990
173 599
692 902
333 361
92 877
860 764
994 964
963 163
513 736
778 453
997 823
266 683
800 58
984 380
90 992
242 674
940 784
137 180
610 833
827 461
810 728
922 62
200 965
636 819
725 112
981 230
68 482
893 399
253 485
608 663
143 862
750 210
223 168
667 443
704 687
889 178
7 667
799 686
720 212
360 501
306 113
978 45
113 739
385 9
615 591
761 642
957 633
851 545
485 291
213 350
71 117
91 603
20 867
990 174
774 1
457 207
724 30
173 368
211 69
653 38
543 795
520 838
286 234
863 251
436 389
630 682
275 678
336 359
867 965
653 183
891 349
895 484
93 419
37 594
985 312
863 756
373 548
140 628
709 533
856 119
394 727
822 860
298 333
591 76
728 281
556 623
316 900
540 209
580 883
266 336
858 733
432 936
768 717
521 779
684 305
226 588
152 279
836 321
644 623
731 299
56 702
355 791
330 324
494 766
499 784
379 204
193 958
466 388
66 897
837 825
886 608
474 907
385 579
516 632
37 918
222 4
474 834
540 185
83 779
725 696
106 324
247 4
690 960
714 683
416 559
181 694
720 830
253 89
223 592
684 230
831 730
500 285
82 495
891 17
690 749
250 324
855 954
470 235
711 848
715 857
75 290
114 1
441 983
188 325
701 995
444 356
525 13
230 285
901 658
731 434
931 129
716 921
382 168
871 13
972 952
863 108
24 558
560 672
978 156
119 634
835 368
232 262
553 472
509 315
516 42
699 794
447 949
551 121
518 968
620 564
827 220
687 510
690 430
442 757
512 946
949 739
125 182
608 811
655 794
367 306
367 233
649 69
649 536
190 935
691 779
637 656
213 641
433 722
307 530
110 991
947 726
789 886
660 603
336 872
98 267
979 805
997 95
547 700
966 408
749 552
445 370
648 965
24 490
844 302
152 841
296 617
869 964
139 292
967 947
425 349
887 736
820 826
928 164
106 599
326 833
289 510
850 965
551 450
148 784
3 450
836 858
444 139
756 794
568 298
193 999
801 846
698 738
951 756
972 863
239 381
204 894
152 364
542 900
301 415
891 924
68 446
86 949
106 450
144 913
287 811
953 784
1000 180
950 791
535 703
476 139
187 472
354 501
212 760
901 212
193 356
986 254
469 152
643 25
494 457
556 700
978 907
25 969
961 895
191 764
852 824
251 212
215 625
272 329
712 378
440 464
21 381
757 328
668 712
230 379
718 402
530 178
35 784
14 660
143 142
271 965
184 266
799 679
280 574
104 663
412 189
286 628
107 457
681 183
41 16
225 585
325 894
365 569
580 213
562 686
785 346
18 938
177 686
925 788
640 375
714 450
491 112
328 814
440 157
887 139
28 599
617 419
113 360
986 872
113 697
920 492
985 446
441 190
599 626
671 897
945 562
711 675
910 113
417 771
89 734
348 362
548 936
498 196
61 384
444 693
947 569
840 605
115 132
217 788
752 372
109 809
989 495
632 148
704 982
320 539
691 572
253 873
839 550
197 859
808 309
1000 163
93 896
810 495
373 784
188 79
705 211
366 738
639 29
83 150
47 388
540 840
89 694
933 483
441 464
404 204
649 564
228 520
123 428
417 335
624 73
199 606
525 167
276 390
704 4
749 964
83 522
372 804
856 981
915 826
50 727
469 377
473 894
98 604
874 256
343 921
382 356
426 422
173 954
94 296
266 15
303 902
655 349
876 401
417 900
456 476
661 134
516 578
412 744
520 517
951 774
831 298
129 825
204 741
121 779
656 522
886 772
454 828
788 127
629 27
679 760
713 816
379 11
900 816
16 912
135 606
687 221
106 80
193 617
989 569
269 329
123 100
128 797
916 411
922 356
573 198
704 27
540 964
557 930
427 875
155 110
243 127
998 555
51 49
713 681
952 495
57 282
493 636
349 578
647 746
187 686
528 472
656 45
25 317
911 17
92 626
664 157
592 735
258 329
648 396
261 369
541 906
191 399
356 795
451 757
124 437
268 845
659 418
269 583
329 606
218 804
457 420
850 595
573 964
243 481
613 674
743 887
634 537
798 486
339 511
986 443
179 947
364 635
608 505
826 288
310 460
518 42
81 852
796 117
800 137
854 969
891 945
984 205
105 401
56 630
254 889
411 621
205 692
948 950
297 653
830 780
562 845
959 221
997 362
763 686
892 605
624 542
911 30
957 156
476 867
8 90
42 21
927 941
561 812
637 603
415 703
710 890
913 398
895 255
953 202
662 692
149 623
441 593
44 635
2 48
9 354
339 31
156 22
910 77
107 608
109 305
348 769
440 98
684 496
633 514
92 940
437 455
193 532
947 968
179 553
54 727
328 994
865 940
610 786
519 635
41 968
979 14
955 995
446 572
105 555
987 619
874 406
773 439
920 21
296 666
61 784
995 837
482 880
400 845
620 46
169 906
624 612
417 506
329 131
844 409
721 596
757 318
522 88
81 504
372 220
677 890
503 492
444 799
694 257
363 345
808 506
187 983
777 645
609 491
479 840
308 694
379 569
413 330
362 236
269 656
660 256
186 395
205 288
116 403
261 475
797 846
762 397
34 442
673 62
508 920
659 584
287 651
806 681
914 726
239 792
863 359
560 3
796 873
892 334
710 163
70 795
591 299
930 995
716 702
218 817
989 146
168 912
633 982
667 547
796 467
601 189
910 746
213 634
586 945
347 793
540 405
228 954
339 665
449 486
929 393
451 518
287 148
713 837
662 639
937 849
470 960
961 585
228 764
924 881
465 169
818 793
891 821
696 603
716 499
891 467
893 105
152 578
988 113
988 313
490 265
951 644
199 675
899 930
183 229
721 582
960 692
616 989
725 577
193 27
781 442
301 741
175 769
14 27
987 497
883 611
908 75
41 479
792 641
208 430
387 698
723 257
231 582
212 790
124 837
553 993
861 40
761 774
498 868
7 676
755 128
854 9
413 599
909 882
396 267
892 154
199 188
847 26
278 803
300 175
885 103
874 196
855 913
624 94
449 226
348 498
988 649
827 915
883 302
24 281
776 499
631 693
154 43
311 171
68 34
197 962
606 408
459 88
237 299
535 644
292 554
79 432
719 845
668 446
94 460
597 758
301 473
729 115
771 706
19 66
99 989
61 142
523 47
320 579
192 392
874 739
284 38
983 626
613 133
128 21
203 619
789 992
422 774
591 995
560 40
561 446
887 695
176 599
601 871
56 241
624 640
821 874
456 786
547 28
612 991
242 94
918 703
228 960
393 32
266 318
857 62
601 273
514 745
216 685
753 426
770 200
843 386
662 271
301 492
41 924
479 721
903 420
45 670
959 557
856 450
711 497
939 377
660 292
91 956
754 84
520 65
55 793
442 687
5 100
117 495
592 234
851 435
317 680
716 875
505 696
487 648
589 219
19 623
427 674
421 271
96 965
461 797
351 962
388 1
83 288
980 463
105 665
316 64
605 507
474 21
156 412
844 577
298 392
474 846
493 651
548 727
300 837
509 557
679 458
963 720
832 321
847 467
333 180
775 29
649 710
138 418
361 813
860 841
750 112
934 331
38 289
3 321
3 788
297 233
153 108
887 169
177 838
163 137
730 683
802 12
622 100
181 241
219 418
679 552
757 824
888 585
480 566
541 220
616 600
533 464
871 207
526 357
568 102
877 36
643 628
252 543
156 470
488 209
650 750
171 84
676 18
670 190
892 808
582 401
105 787
306 660
625 623
827 791
620 4
775 445
886 728
480 751
25 703
386 693
639 463
452 944
731 912
91 906
679 592
94 877
701 675
586 581
448 892
997 418
525 501
525 896
448 733
264 34
237 930
309 53
175 507
113 40
44 684
991 694
691 175
17 564
982 626
986 459
917 474
308 296
732 49
847 965
77 906
819 964
387 965
49 904
340 310
710 733
416 857
949 178
418 53
662 45
919 329
971 959
830 689
97 275
928 319
448 590
124 301
541 170
858 765
3 335
613 383
870 648
9 559
193 282
417 846
732 681
234 460
72 319
37 724
603 289
188 27
763 415
959 468
581 23
194 315
451 699
731 544
639 319
253 166
346 504
644 201
40 2
737 773
886 699
979 285
796 969
963 818
17 419
971 411
719 814
940 764
373 307
232 697
854 619
351 659
662 506
213 666
363 622
1 282
917 284
934 714
883 722
917 477
797 172
708 537
106 596
749 179
142 468
823 198
684 835
227 89
155 276
14 229
781 593
339 477
898 955
306 229
750 306
110 77
899 72
459 954
633 603
231 93
749 469
125 912
787 405
454 324
827 826
849 84
79 89
207 20
162 802
122 67
755 411
951 558
861 23
935 816
366 224
732 858
21 966
886 604
547 758
959 768
961 32
653 864
102 744
929 290
363 415
889 579
589 248
148 341
404 88
977 545
643 332
599 628
284 706
748 433
625 119
878 852
511 798
165 727
885 38
705 464
76 574
524 866
176 752
138 779
910 880
677 745
483 180
571 473
360 675
387 578
461 721
5 756
924 462
504 76
748 573
23 501
568 352
416 931
695 658
247 383
94 475
70 32
44 334
210 537
906 391
710 330
855 126
568 154
109 593
297 486
630 424
78 334
958 499
317 473
85 562
925 837
81 92
752 849
347 379
755 358
24 924
496 745
5 145
575 334
867 897
730 437
798 285
602 255
937 18
952 309
307 76
55 161
38 859
94 132
630 641
519 477
82 330
497 450
412 36
378 955
730 404
47 470
326 43
31 544
347 82
581 427
534 815
41 636
787 299
883 679
889 864
851 409
86 765
512 452
679 706
502 867
81 403
464 618
429 760
312 830
389 495
981 85
880 290
254 694
917 606
844 914
556 319
774 402
647 810
889 15
542 435
653 337
580 432
412 377
731 406
312 360
666 646
19 892
315 21
494 791
110 766
943 96
393 304
506 322
215 686
308 553
826 938
422 76
232 491
144 762
321 674
655 693
162 220
128 879
326 518
684 185
101 812
500 829
283 167
728 995
934 594
233 158
379 235
931 646
696 204
789 826
365 287
935 495
901 328
323 195
99 760
878 91
264 771
891 955
656 159
86 411
342 76
493 485
122 522
331 435
520 105
719 727
540 655
839 566
445 845
673 999
446 942
105 229
713 263
513 30
625 864
399 698
55 36
917 313
789 628
498 12
44 315
651 485
844 569
746 941
67 33
471 702
313 89
508 85
199 115
908 756
348 296
259 294
519 241
188 634
410 556
835 974
485 355
363 362
607 338
455 993
998 335
77 803
298 467
500 254
365 122
637 310
105 400
121 809
17 566
340 251
951 662
91 837
763 4
368 147
993 75
919 376
940 35
763 587
155 23
981 884
452 563
469 507
972 89
240 610
672 942
60 168
513 277
942 897
264 445
170 32
361 434
546 402
215 998
472 256
271 944
914 884
629 950
188 196
647 896
210 652
249 415
265 642
618 880
233 707
988 597
517 985
861 876
615 965
581 168
885 400
758 646
524 829
762 811
193 747
822 574
71 195
181 980
609 163
7 822
348 198
114 473
252 159
154 675
269 428
46 621
893 747
258 696
261 607
418 803
910 724
385 42
918 252
353 862
120 650
905 556
228 288
232 537
712 771
417 950
380 62
567 330
12 178
56 401
699 15
539 921
884 510
266 693
546 67
392 495
748 395
767 441
948 617
254 722
813 9
917 45
78 49
836 797
775 398
651 644
48 10
11 158
766 739
196 146
17 544
362 678
358 631
79 159
899 592
337 108
972 138
1000 497
876 65
855 486
361 275
126 600
532 368
985 374
57 848
359 285
309 359
831 329
725 257
598 442
14 102
344 857
541 830
736 619
272 864
6 485
277 102
260 226
589 688
409 854
467 939
711 628
91 928
15 397
913 940
769 876
457 47
371 693
901 977
649 323
997 575
950 966
920 634
712 908
303 61
210 386
696 343
842 663
266 408
240 115
114 459
629 621
188 824
311 539
946 236
82 877
102 146
34 329
452 182
509 244
713 559
511 15
701 758
423 115
388 23
653 936
619 405
13 958
179 724
652 71
972 213
367 379
543 738
352 160
244 825
170 932
869 400
192 148
836 709
140 76
214 207
417 817
527 415
308 765
237 305
516 503
937 139
884 134
304 824
297 744
505 137
973 289
586 127
278 412
399 301
348 593
341 864
128 573
523 346
194 993
142 370
385 122
87 405
509 141
348 13
665 245
925 4
5 386
500 315
447 375
998 484
393 352
488 109
490 932
589 185
348 887
956 118
276 683
447 655
920 185
228 23
66 342
304 58
602 369
379 133
605 686
622 884
952 299
308 817
801 188
203 486
1000 262
656 394
777 196
905 366
523 811
742 776
968 565
328 330
827 880
124 765
187 618
847 125
885 741
432 766
834 399
481 30
138 605
927 437
602 659
749 420
531 990
914 375
240 299
300 631
719 504
737 764
439 682
560 996
227 55
367 579
873 182
344 814
228 707
769 275
36 688
440 610
186 74
920 993
142 415
758 129
211 293
852 913
920 619
1000 207
781 427
316 585
622 202
711 441
382 736
918 4
2 127
668 153
520 427
590 830
413 492
282 588
284 962
458 786
87 245
378 907
12 926
307 982
732 448
268 721
581 419
149 877
576 439
320 603
767 406
451 397
87 427
968 651
109 634
791 894
883 398
749 933
943 4
957 631
955 477
763 508
599 318
449 679
81 614
947 202
384 118
860 102
298 249
755 840
186 85
971 926
886 461
227 397
687 148
232 822
128 492
541 403
820 833
351 846
732 995
333 277
734 195
471 814
616 253
295 362
772 530
481 221
597 647
66 475
781 132
712 591
802 154
639 28
696 830
659 178
715 49
952 989
479 2
475 942
55 785
169 962
78 249
170 614
799 657
546 141
105 189
140 863
179 281
207 910
476 813
535 379
41 280
930 938
519 168
874 573
353 884
868 74
597 942
581 489
138 133
505 510
988 200
108 923
571 920
165 231
884 702
885 99
761 173
446 682
891 574
527 137
216 129
296 477
364 9
128 258
591 391
657 178
922 495
832 896
409 113
328 238
983 683
86 17
568 325
344 602
552 596
455 164
903 721
850 284
522 833
173 446
228 354
1000 475
47 485
655 624
361 505
567 857
642 48
418 285
420 604
990 15
576 666
668 66
260 626
851 250
981 610
376 218
393 412
895 932
594 168
336 696
540 345
211 85
873 826
156 594
517 750
985 75
215 208
70 232
849 683
668 982
718 600
326 242
888 599
176 111
960 702
951 504
181 337
186 418
240 594
591 849
540 709
650 456
210 557
871 292
214 854
68 805
142 921
931 481
988 137
202 89
592 252
866 503
103 588
222 721
184 607
355 102
732 746
836 853
339 471
361 115
622 375
839 198
505 552
199 628
55 460
42 299
57 84
5 368
558 396
119 267
88 271
696 868
751 267
749 599
772 729
517 469
4 867
576 100
25 482
958 392
865 463
373 306
175 49
101 950
822 761
509 306
787 710
935 321
97 781
480 457
348 784
300 243
999 435
820 519
782 890
15 872
417 457
721 974
685 683
122 280
332 88
502 537
139 4
320 415
306 226
46 764
863 674
909 728
741 830
206 108
748 308
442 829
998 248
268 330
234 285
1 481
58 121
794 596
884 826
277 340
106 118
207 472
342 481
176 214
447 467
13 740
603 204
899 735
494 463
773 757
429 739
760 812
64 702
317 708
871 157
929 852
930 90
436 332
604 635
679 163
886 972
844 956
317 906
230 864
728 15
84 544
655 427
489 48
508 728
37 283
20 325
971 989
975 304
480 834
887 466
887 537
157 889
393 435
143 253
89 401
608 294
255 260
274 974
280 201
963 210
649 412
103 791
761 58
625 208
978 352
128 995
950 554
438 671
954 537
629 243
207 342
906 574
122 442
527 468
488 22
818 674
630 319
718 315
973 17
384 335
591 989
640 118
337 823
919 155
691 727
47 224
416 322
450 341
152 771
573 331
426 977
686 324
392 299
908 620
447 368
892 22
632 190
189 2
988 948
348 609
844 350
37 800
847 388
116 434
181 200
227 145
83 756
690 449
981 357
50 471
395 362
454 74
309 565
272 767
76 992
148 501
976 424
315 396
78 664
212 350
172 677
243 32
412 84
305 182
436 704
200 401
453 938
940 811
412 360
520 261
974 285
480 993
887 638
284 868
772 51
977 21
452 741
986 992
1 912
520 225
81 88
646 702
259 328
208 470
229 872
393 676
784 700
394 119
237 160
936 356
865 578
475 727
556 207
224 10
480 666
597 448
222 748
51 484
656 834
253 864
101 173
608 849
517 346
807 306
918 541
558 241
885 678
382 559
255 112
338 30
138 195
339 267
985 431
711 329
839 867
604 703
608 960
998 125
882 825
439 828
425 189
541 138
222 689
742 240
25 456
527 75
655 390
831 749
292 117
946 714
5 349
851 277
411 168
332 912
340 790
659 710
712 622
346 343
914 600
735 430
728 428
558 550
651 407
135 894
50 694
247 510
893 728
344 353
758 183
674 462
643 356
206 198
730 3
721 357
996 284
707 195
997 496
76 370
213 65
680 204
53 424
801 245
128 248
663 832
188 206
670 100
85 460
68 346
639 672
731 118
128 673
951 723
988 607
657 875
47 547
61 563
44 90
48 674
50 369
782 6
234 376
607 23
742 927
425 171
77 809
831 830
670 740
853 499
174 235
33 280
611 273
567 784
489 897
971 766
491 933
644 357
827 207
827 683
44 96
128 279
129 168
140 694
101 430
356 503
138 526
50 924
217 596
694 966
345 66
364 938
56 395
662 842
970 462
629 691
12 980
637 786
122 148
104 503
135 131
385 168
467 838
307 352
278 50
575 824
887 399
264 327
265 530
585 824
161 399
438 346
234 828
915 245
755 959
518 434
291 964
957 744
164 826
464 894
656 29
513 722
308 458
326 985
37 538
140 35
594 402
632 289
480 542
482 453
223 1
463 894
691 126
431 396
470 354
237 866
829 894
547 659
922 950
52 539
869 552
366 148
928 401
266 280
893 972
910 90
684 787
880 335
951 959
356 554
367 912
225 959
248 158
375 574
618 574
432 357
212 163
513 247
56 518
589 420
20 628
609 366
888 67
922 671
181 999
190 10
341 166
986 368
35 538
660 814
440 991
60 626
79 845
283 766
893 433
519 318
50 876
451 746
140 780
839 504
895 239
3 584
254 587
611 144
920 472
789 200
264 849
550 391
525 244
889 740
429 362
269 372
110 924
643 418
231 146
365 258
933 915
448 101
540 407
669 714
818 644
533 141
12 421
690 815
853 964
58 881
755 448
294 204
43 377
25 790
45 533
516 836
48 401
436 415
856 107
17 681
594 544
531 196
718 505
518 234
144 73
99 644
852 202
170 190
895 176
258 248
931 16
434 552
492 220
20 849
955 118
631 702
959 29
194 370
353 190
363 329
698 675
690 467
489 537
610 503
45 121
866 877
206 506
189 386
851 310
320 132
393 754
818 200
12 604
750 552
770 570
860 741
863 779
883 530
692 148
924 861
520 578
498 866
743 940
251 912
905 904
339 324
857 281
33 292
986 60
259 182
418 335
378 83
491 897
516 217
274 164
258 290
188 122
887 77
319 415
892 975
339 309
488 921
346 545
672 938
344 808
987 84
478 565
988 958
203 965
285 18
244 154
426 172
66 768
512 752
605 685
589 947
608 105
3 380
95 159
624 716
922 514
616 334
112 267
400 434
838 872
273 229
287 132
831 941
952 152
240 477
38 864
811 131
24 57
297 253
776 723
320 10
263 362
947 87
548 63
928 798
961 864
948 829
424 675
186 846
549 43
719 706
651 318
409 959
908 717
284 87
214 698
801 686
471 201
813 430
274 413
275 473
956 443
61 931
189 331
924 954
121 195
114 680
68 736
217 810
571 84
440 722
535 74
613 482
527 617
997 804
194 577
690 634
379 455
699 356
970 894
253 482
511 84
494 866
238 784
317 678
167 322
980 791
328 693
567 671
677 569
199 172
806 156
187 812
480 875
40 995
153 26
597 361
491 267
525 338
211 835
508 813
91 233
114 784
330 828
792 617
580 358
980 131
156 912
194 351
748 794
802 469
363 316
417 472
657 794
667 843
61 472
426 260
709 897
855 301
694 734
571 864
880 902
404 950
810 849
79 697
5 550
541 991
28 329
430 902
604 341
344 142
895 374
823 245
86 354
757 369
549 133
796 409
265 140
642 204
