881 2763
195 463
417 867
804 329
399 217
184 369
521 776
334 77
118 142
525 17
194 237
319 621
68 726
674 579
201 101
788 175
648 111
239 636
742 201
567 811
553 79
845 645
476 40
190 613
798 852
450 376
358 593
731 771
849 595
564 575
856 240
134 351
793 705
191 78
247 504
507 531
813 299
143 45
509 573
719 244
242 216
316 695
392 586
484 877
105 592
639 13
238 291
259 689
173 438
763 865
468 150
549 528
165 850
356 231
613 206
717 823
397 848
11 398
515 443
50 729
357 198
123 370
53 611
275 687
256 779
298 756
568 180
819 651
108 117
330 638
664 189
847 89
633 229
740 626
798 200
865 241
124 405
472 344
771 460
663 806
423 61
433 147
735 243
701 319
298 498
871 85
525 768
13 488
396 496
714 119
533 490
405 825
797 711
355 332
46 400
339 134
547 429
91 44
879 447
827 173
845 262
152 88
425 798
870 205
670 435
691 23
380 6
345 28
453 259
843 368
260 616
157 543
396 24
336 686
868 479
604 95
126 578
450 48
535 124
539 719
259 490
212 616
286 95
242 712
476 12
149 333
153 87
870 196
180 373
881 544
154 762
440 474
405 548
10 782
690 297
11 437
323 784
378 656
634 458
776 120
761 542
320 340
31 805
469 680
697 730
645 725
151 193
245 337
194 123
819 853
35 632
70 356
146 557
24 512
257 153
810 490
815 31
546 513
799 177
654 155
235 436
492 574
441 579
80 269
4 438
580 541
196 604
88 381
74 176
241 640
257 236
334 187
137 605
13 701
823 262
827 502
539 256
743 544
797 29
637 616
784 451
89 275
441 233
701 44
441 731
207 744
522 788
85 593
395 44
80 753
458 869
521 385
169 372
379 141
524 199
67 171
125 406
401 86
457 49
646 694
577 843
512 833
876 372
715 107
590 420
6 607
10 530
212 554
52 83
365 575
410 420
43 880
742 292
858 346
439 825
489 725
74 646
849 418
374 253
393 466
396 60
291 667
22 537
779 8
232 459
569 588
695 579
611 83
114 600
759 268
691 459
782 381
534 88
607 626
397 250
557 751
248 773
210 68
781 571
70 23
71 817
311 684
655 78
464 12
19 696
875 715
878 147
56 198
275 625
311 136
336 634
309 338
614 152
404 58
423 494
216 838
785 107
842 313
38 515
205 743
725 177
357 348
346 120
473 624
812 365
688 163
544 440
472 526
452 467
860 52
108 419
560 659
776 592
101 136
11 144
213 180
459 137
245 195
137 714
715 455
811 691
349 272
119 16
672 314
289 717
623 416
574 124
702 49
464 506
523 686
745 661
357 474
30 313
392 203
699 570
766 421
740 723
440 453
435 217
322 468
842 216
741 702
129 649
4 376
523 50
634 358
255 39
740 3
487 789
436 857
325 505
828 221
652 474
63 527
319 373
513 294
677 405
658 713
827 66
611 401
828 806
388 416
797 614
563 636
452 712
401 480
868 90
264 808
781 264
465 777
599 796
569 729
129 840
45 670
853 204
588 862
452 458
806 242
845 680
167 428
65 138
463 32
466 849
321 527
485 398
472 88
404 562
499 769
796 536
653 758
858 494
13 290
509 275
791 872
441 768
480 7
814 108
397 766
719 94
848 753
230 723
192 640
726 77
619 389
322 712
592 860
477 493
564 869
530 235
587 595
17 361
458 517
498 695
182 238
443 622
362 773
635 498
375 541
682 405
13 347
469 873
479 139
18 266
451 824
362 389
739 705
274 2
739 695
520 139
248 815
90 177
843 271
163 144
619 783
700 428
386 763
42 316
577 351
817 550
360 151
142 164
607 431
331 349
153 653
781 872
158 595
430 713
225 415
551 567
678 133
535 573
353 342
377 735
392 97
45 140
487 370
52 576
511 662
350 735
445 228
484 500
377 662
90 184
791 657
115 176
353 48
629 603
559 480
303 107
825 641
575 149
131 881
758 351
835 143
548 403
143 84
199 859
57 344
330 467
224 178
465 312
228 364
196 715
561 411
618 145
836 872
805 866
759 366
203 55
630 498
483 701
375 441
489 456
507 86
39 463
169 13
29 874
527 769
623 253
789 587
777 632
719 590
634 825
481 619
199 852
714 292
60 105
776 863
625 145
446 252
613 271
529 54
381 110
698 333
311 749
96 535
64 411
228 60
785 349
235 162
736 856
167 147
443 650
530 182
482 236
837 732
396 329
59 1
425 321
301 527
14 173
141 539
281 784
652 348
449 862
691 190
323 805
712 281
20 771
136 575
195 255
532 211
846 2
761 55
118 3
453 791
142 307
509 201
40 640
337 472
20 28
266 852
587 153
760 553
198 662
80 90
641 502
642 504
602 300
322 849
24 786
352 623
333 785
315 24
127 86
730 392
87 494
472 440
18 179
308 550
75 302
358 526
609 553
672 257
139 167
51 850
870 170
96 31
492 704
402 728
865 272
866 414
283 273
787 311
215 742
193 377
813 737
562 419
234 806
415 590
568 560
661 451
313 301
314 165
482 342
484 770
229 675
36 406
93 465
865 440
739 451
119 54
620 454
222 467
401 632
862 592
224 415
872 421
249 60
11 429
360 89
644 168
704 861
352 307
247 636
270 672
314 640
848 77
779 784
134 777
174 223
433 777
802 201
418 789
310 495
185 364
519 665
578 493
82 723
707 275
104 262
675 592
105 709
146 58
246 278
486 383
683 500
215 626
814 649
747 83
838 741
491 458
202 324
691 526
196 378
162 781
396 356
787 35
175 440
702 633
105 718
454 811
96 381
8 105
879 261
716 169
385 674
649 224
525 739
88 593
123 303
219 531
310 179
573 759
759 271
694 480
570 111
328 846
420 519
284 844
208 228
334 499
66 827
462 850
835 468
105 695
15 198
860 500
2 236
187 869
209 206
670 109
194 359
15 440
697 209
280 613
408 15
121 704
292 319
845 330
132 702
858 191
64 379
409 619
283 539
439 297
41 138
718 295
100 675
727 172
191 15
658 724
21 334
57 148
512 82
786 593
788 797
2 707
828 156
690 11
193 737
378 441
195 856
164 860
67 717
50 829
523 103
523 141
209 626
29 263
529 102
858 308
100 567
714 359
326 156
82 582
11 628
121 609
32 132
460 438
221 27
556 866
448 500
602 285
108 601
257 264
295 645
295 208
598 253
197 360
436 858
454 73
565 855
591 418
720 710
450 138
838 483
659 783
641 360
768 400
398 207
612 354
614 143
45 821
463 90
48 172
654 810
535 651
403 548
481 849
601 59
329 309
861 633
274 254
2 580
497 463
315 64
634 181
724 665
854 13
172 866
749 292
843 796
754 177
668 321
520 575
487 441
877 746
399 529
460 832
657 865
720 629
661 837
258 25
42 257
102 837
394 2
109 418
812 633
597 509
392 575
549 448
825 847
398 611
131 401
95 447
741 483
601 688
375 805
638 160
305 252
797 58
110 178
241 766
39 82
774 446
519 196
134 354
444 641
618 52
106 480
713 344
361 775
238 214
224 310
850 406
499 179
50 846
259 604
543 474
649 452
763 297
586 648
257 534
520 140
538 567
217 544
600 431
216 270
548 183
218 420
825 372
234 30
366 35
29 437
313 584
171 825
247 851
106 491
141 728
793 870
678 279
761 487
727 821
543 600
129 801
315 87
227 364
287 592
350 732
276 167
223 45
449 842
48 270
599 454
73 199
826 373
537 395
404 150
872 491
196 80
790 616
5 193
99 314
64 12
139 870
748 764
453 133
833 55
333 58
100 749
656 565
396 299
861 489
735 382
792 21
683 211
3 723
816 358
778 677
49 819
156 113
322 361
236 825
628 459
281 334
870 876
103 28
124 698
490 483
642 484
220 325
776 873
771 17
639 496
451 43
548 411
399 860
206 334
282 752
869 668
351 420
371 72
57 465
10 787
561 865
466 743
676 300
117 24
688 364
512 864
198 669
796 665
370 644
97 68
647 644
134 802
368 204
636 112
165 270
276 263
688 148
379 195
877 11
575 324
597 252
136 544
585 791
824 291
570 478
398 815
661 5
845 872
292 632
719 819
280 683
44 444
151 376
442 598
629 546
425 796
568 72
412 65
325 310
461 98
428 394
349 229
150 852
686 209
871 288
2 161
39 100
21 745
167 165
705 486
872 626
870 45
501 371
605 666
271 113
438 852
792 528
412 309
163 326
199 830
438 264
422 653
850 255
582 807
210 94
752 395
839 693
53 346
38 6
223 14
102 414
873 733
675 562
68 684
770 729
312 715
495 581
647 151
43 557
393 672
498 489
32 655
452 776
269 878
129 238
593 478
187 493
389 143
29 184
336 553
639 404
606 824
487 772
499 617
703 168
63 329
304 585
547 298
549 408
159 676
829 855
519 255
372 197
246 444
197 291
451 667
779 687
93 242
258 658
411 723
374 709
469 260
661 16
322 746
372 411
106 254
785 457
588 845
267 229
676 631
460 275
85 138
195 582
113 686
93 773
4 555
247 111
498 96
407 349
429 184
626 868
509 608
2 759
811 631
774 377
408 589
322 5
213 167
418 698
54 3
802 384
752 545
109 92
328 840
455 112
303 526
720 15
372 164
745 25
818 266
179 338
417 635
441 595
12 292
505 515
97 606
605 765
575 828
247 784
857 401
489 418
826 99
372 60
9 529
651 157
436 846
328 847
165 553
594 845
296 664
794 443
353 857
330 72
460 89
236 656
782 807
379 513
60 494
651 367
339 545
601 182
658 471
185 420
773 806
373 381
818 657
123 240
178 816
306 262
289 326
828 391
596 817
154 439
586 260
822 22
309 449
348 60
645 50
20 695
791 354
449 710
28 846
233 831
767 468
146 670
512 320
473 678
165 872
191 521
52 276
89 518
18 484
409 245
39 581
80 53
25 724
501 651
506 838
349 509
65 717
119 566
542 290
690 411
598 752
106 210
532 681
40 594
371 695
124 40
465 369
428 456
785 162
659 777
381 787
259 842
738 638
58 364
136 617
139 442
13 786
418 623
485 607
494 168
256 266
318 545
729 100
711 513
126 137
164 836
592 578
98 13
372 454
339 781
820 143
97 655
437 761
810 101
830 754
670 393
84 756
289 15
532 490
436 263
221 482
439 794
723 407
691 267
380 191
660 428
473 753
186 608
91 152
117 375
324 347
678 150
241 557
685 373
559 241
48 395
498 414
802 252
804 712
53 732
648 799
42 242
66 291
471 205
491 204
329 185
152 478
548 304
370 109
813 663
318 576
870 29
803 116
360 608
127 442
398 838
436 445
602 718
868 408
579 240
690 53
837 765
877 342
536 360
699 244
311 31
793 772
724 319
523 489
781 144
765 694
252 367
677 79
735 258
863 851
456 804
560 45
193 789
547 825
695 401
680 257
865 685
664 123
336 264
657 449
118 179
782 678
569 513
78 646
437 306
532 29
212 419
325 811
127 304
55 226
851 438
63 313
607 792
674 453
602 614
234 3
192 211
820 518
788 77
718 465
611 204
44 256
561 426
763 409
810 459
359 498
182 146
173 362
817 548
678 509
12 736
838 290
737 605
457 856
175 392
441 681
334 438
757 334
816 619
492 556
102 711
216 359
371 191
881 75
295 68
794 488
834 662
602 528
346 665
537 599
759 720
543 100
375 171
748 780
237 273
594 60
425 452
210 309
394 585
843 241
516 614
792 348
829 96
617 118
217 572
547 863
17 824
308 390
438 550
648 827
797 283
81 493
85 84
705 651
602 539
842 455
113 864
831 593
656 186
582 397
839 92
236 841
107 822
81 136
445 477
854 525
838 284
366 219
519 702
675 473
705 646
247 27
12 713
38 585
499 112
872 331
357 679
161 677
311 346
385 586
841 782
792 671
685 627
699 186
816 124
444 461
600 675
768 807
345 564
490 122
259 699
22 501
654 133
565 187
612 784
593 789
794 453
484 483
531 705
161 702
220 421
293 425
230 257
398 812
863 822
574 133
795 613
782 518
599 856
11 211
16 166
38 189
685 783
407 488
524 403
302 518
84 701
474 74
826 720
277 50
107 62
548 616
556 326
617 139
66 545
86 541
395 853
329 390
790 629
420 480
867 601
754 601
588 531
690 527
486 97
342 592
1 676
310 275
645 431
672 503
478 709
246 838
702 124
415 353
806 740
114 802
65 622
6 846
574 237
139 611
511 345
33 192
119 274
428 533
595 464
456 332
147 400
754 752
337 2
563 130
424 159
465 275
302 197
324 465
534 37
610 106
404 263
596 764
596 169
462 565
468 292
416 349
811 196
833 524
781 804
137 687
303 31
806 820
297 146
597 460
359 227
716 513
148 53
702 137
317 800
598 403
822 709
95 840
534 609
761 700
760 692
7 468
28 548
157 82
749 35
544 571
304 794
390 380
604 620
101 44
112 360
281 113
482 137
391 859
335 654
871 584
360 58
531 629
89 650
715 330
536 477
865 313
519 236
558 441
799 506
105 266
783 198
92 366
533 304
520 390
539 354
760 117
178 323
640 442
215 714
830 822
303 218
433 825
840 455
570 635
381 356
147 276
644 523
444 196
483 428
249 100
873 559
786 709
386 562
416 621
476 341
574 394
426 635
775 383
192 132
449 160
786 33
642 314
274 461
421 10
774 260
650 231
580 849
483 138
29 703
387 2
859 295
446 217
833 384
32 854
661 155
518 321
792 848
631 200
480 486
765 471
452 3
36 322
347 745
244 816
741 94
542 1
781 386
798 608
659 880
426 563
589 26
535 631
845 496
557 572
806 693
765 313
570 396
58 687
667 468
11 863
102 785
594 838
115 803
265 147
174 360
366 881
766 454
880 529
434 557
401 595
474 59
748 818
396 625
810 157
295 381
312 107
446 657
88 552
378 123
695 683
59 211
749 222
827 214
793 97
738 391
116 23
873 207
732 169
397 229
497 600
59 612
462 430
651 856
6 606
380 184
632 601
811 587
193 142
584 809
566 841
753 259
477 846
867 657
816 583
507 353
489 302
549 41
416 646
437 705
387 821
25 89
355 693
764 847
602 459
820 6
772 596
866 324
208 81
762 789
135 117
247 272
865 140
867 255
820 437
87 758
276 445
77 881
150 594
687 370
432 851
462 39
859 259
219 61
575 71
117 480
356 271
714 271
510 639
760 459
698 718
571 564
870 317
518 107
776 480
450 758
456 15
474 785
880 820
184 470
168 718
104 185
191 230
391 789
13 706
269 686
90 195
825 152
224 59
59 230
67 102
215 38
829 806
616 599
321 58
507 476
216 272
640 77
574 31
813 829
83 608
836 321
620 150
539 66
606 538
165 74
650 807
260 850
836 590
446 637
739 442
6 538
557 682
582 690
269 418
827 242
67 850
375 352
396 3
829 594
110 521
276 806
244 471
304 842
639 612
620 602
568 528
471 72
333 167
707 870
119 731
195 154
412 652
824 586
346 847
165 543
756 473
356 513
501 92
31 122
187 771
163 50
255 77
865 838
603 662
538 401
323 824
471 842
441 293
577 251
614 543
154 9
337 863
28 181
749 552
571 773
40 859
830 870
870 393
102 871
108 122
589 804
400 776
184 602
387 95
815 7
447 57
13 873
234 566
808 239
720 812
294 105
612 234
254 668
19 322
810 532
625 134
411 60
412 275
768 833
91 442
438 856
42 423
540 23
775 461
39 830
464 306
716 542
756 303
595 436
703 191
63 714
744 633
195 620
318 485
396 864
473 82
676 785
720 803
819 754
372 30
335 427
267 78
586 864
398 130
473 694
351 701
872 525
782 440
642 801
275 696
522 347
8 274
856 630
764 71
379 841
413 218
203 290
567 818
821 627
251 468
796 741
347 90
297 207
707 289
874 563
714 719
453 858
260 596
11 432
550 168
715 823
720 254
859 405
297 489
83 440
819 364
626 575
702 760
856 637
51 806
463 82
203 675
184 623
220 776
159 567
300 222
428 829
414 807
686 841
612 614
259 313
828 555
540 267
617 687
166 621
152 321
649 645
651 210
598 607
609 332
847 387
742 351
415 728
183 27
556 92
249 143
44 758
389 798
153 651
824 17
391 490
59 467
168 639
259 245
247 879
400 77
537 572
239 145
295 788
774 458
761 94
725 533
357 230
585 757
164 496
539 260
65 372
338 575
77 262
662 119
153 37
455 673
180 778
625 793
607 194
21 369
43 57
399 711
709 382
304 102
654 273
510 777
294 330
723 814
567 709
620 273
474 269
438 831
458 559
396 359
660 225
382 72
679 210
590 102
493 518
169 797
812 561
299 59
709 726
305 784
273 15
87 56
144 146
821 760
568 642
690 247
95 605
594 300
558 773
389 454
600 59
374 698
391 632
849 876
169 63
156 358
505 298
768 827
629 487
679 122
684 570
258 533
478 194
194 173
40 187
444 325
335 662
871 181
486 840
54 212
274 516
847 188
189 204
876 504
225 443
497 517
22 89
581 151
741 165
600 742
86 431
348 500
169 433
117 267
13 565
34 410
825 816
771 428
123 382
833 304
762 508
692 125
596 677
605 66
754 274
40 49
497 685
98 347
501 339
852 196
51 156
640 26
400 484
654 446
495 31
762 872
824 673
416 670
589 351
534 255
506 729
151 563
482 732
29 808
306 398
630 310
770 1
809 663
849 195
563 110
120 76
68 148
858 307
63 455
167 868
150 874
773 592
223 347
447 207
177 276
250 834
715 788
332 624
740 130
30 769
694 130
864 185
740 686
580 45
284 610
106 219
108 747
236 509
20 36
683 300
559 662
138 350
303 793
803 663
736 632
589 186
384 807
95 475
222 834
411 542
671 89
818 447
396 617
647 224
381 705
818 580
666 49
814 105
122 396
597 830
459 453
95 160
679 376
190 375
734 880
184 662
528 675
499 62
671 523
398 275
846 39
330 339
386 660
633 551
98 768
262 121
304 821
583 554
693 427
86 459
876 791
678 762
716 393
263 54
554 137
573 785
740 7
377 82
492 755
861 427
590 76
149 548
728 280
593 822
189 717
745 402
530 340
881 850
74 680
427 802
413 438
660 550
241 588
28 305
425 472
703 53
579 251
672 124
46 78
862 96
635 533
39 247
258 729
171 455
66 252
16 414
289 16
768 859
673 583
764 378
141 468
771 175
759 799
867 566
760 604
580 549
652 154
467 369
379 6
219 583
164 311
862 816
591 274
62 25
82 843
565 174
749 268
859 385
621 695
165 272
746 530
691 760
451 690
548 630
488 160
642 751
254 503
359 122
469 662
457 246
39 466
613 628
411 875
469 460
453 130
790 3
315 97
541 61
119 81
306 27
238 396
431 602
207 233
47 805
595 51
328 536
629 448
832 110
272 228
303 449
876 287
492 817
805 672
424 614
259 506
460 156
819 210
584 696
623 249
4 785
197 571
684 480
647 537
246 292
656 90
434 402
38 591
332 872
205 246
150 276
832 699
474 233
629 457
558 666
833 550
5 821
872 519
568 490
436 752
571 448
865 568
811 206
704 532
98 831
48 456
838 277
802 362
161 338
420 761
699 734
282 364
528 583
676 455
804 284
737 727
602 634
426 236
693 170
37 284
419 849
322 489
306 367
217 197
143 62
237 175
124 461
285 857
520 276
720 465
148 26
497 840
147 70
95 411
852 341
230 97
197 301
342 773
643 712
237 465
3 563
596 165
249 387
86 286
507 384
307 223
163 716
555 190
331 229
352 313
210 635
248 709
553 356
224 227
806 872
49 517
144 632
507 533
53 737
517 135
299 865
407 793
877 542
197 865
287 574
733 175
679 706
518 755
535 580
89 550
294 345
274 648
267 204
567 89
352 634
494 677
796 298
100 548
705 865
470 804
37 213
772 323
183 449
611 176
90 654
874 437
176 480
470 605
290 376
736 99
238 34
43 397
762 270
360 279
638 78
305 394
807 455
202 786
848 65
702 316
209 71
62 611
781 516
867 157
783 513
345 122
292 316
385 548
125 697
798 487
194 164
302 61
142 700
680 272
94 238
442 791
9 133
777 569
85 756
643 663
203 585
148 385
593 276
8 414
45 466
504 802
858 295
234 541
453 829
754 682
847 780
4 423
118 490
831 168
138 839
142 647
698 649
328 553
811 609
462 451
10 192
33 673
589 865
113 627
274 355
457 705
759 267
523 457
671 847
122 105
89 352
717 456
662 6
258 344
198 93
842 394
879 84
755 733
542 587
325 223
524 321
175 121
416 664
38 693
392 92
156 237
447 483
250 614
536 446
385 406
331 811
557 739
635 600
382 220
475 164
629 843
262 250
31 459
347 341
403 538
777 279
235 366
592 590
129 192
519 616
259 59
351 833
29 807
194 83
583 719
765 680
770 30
352 652
540 770
338 870
232 519
750 258
555 368
206 752
762 186
68 36
734 363
58 709
835 145
801 1
341 824
766 166
785 869
656 287
810 298
252 769
115 810
339 35
162 752
236 269
276 449
568 704
116 128
746 590
14 483
76 163
443 599
484 307
270 199
572 392
607 460
538 702
746 864
12 156
590 74
204 257
295 527
811 318
667 85
171 456
416 283
394 377
824 857
180 298
53 842
496 729
70 455
583 438
229 766
840 526
379 154
16 48
859 148
550 232
54 438
459 290
331 745
597 67
448 454
700 775
60 678
354 327
463 790
598 792
177 743
142 505
797 227
622 664
576 881
226 781
563 438
782 777
434 382
290 132
719 374
273 184
361 726
154 663
96 330
334 259
450 739
245 364
387 435
486 403
566 276
369 395
770 642
397 805
302 155
253 800
183 91
519 790
42 662
315 630
122 664
727 542
772 580
25 218
775 339
51 525
56 576
309 274
361 684
422 420
813 844
575 840
542 800
874 744
3 796
119 91
326 567
107 848
203 164
520 354
260 37
699 220
136 672
599 616
341 62
254 656
538 263
78 482
868 289
17 614
182 27
17 759
329 805
199 854
609 235
457 838
445 135
282 283
121 305
488 33
270 82
492 729
625 833
184 708
169 650
702 572
285 36
627 479
683 401
684 289
616 726
124 777
654 472
486 309
414 22
185 814
223 674
692 786
872 101
211 638
855 313
108 687
273 646
21 297
183 508
352 718
190 392
872 634
856 78
329 703
313 502
171 614
825 549
532 415
863 463
829 363
151 270
858 551
56 319
349 636
115 33
633 126
144 717
855 310
381 331
348 514
76 447
868 675
467 577
658 362
592 677
93 829
10 774
51 175
734 863
570 164
562 568
438 769
227 430
83 437
747 433
180 598
244 555
134 793
145 571
438 671
460 235
43 778
282 187
366 263
187 177
742 397
745 383
193 42
448 222
668 129
199 457
660 602
19 338
224 373
880 211
78 5
64 595
229 423
310 168
183 346
187 549
519 476
53 727
224 287
461 876
558 56
63 762
282 142
326 524
403 212
847 367
633 362
353 165
623 62
183 290
478 401
652 222
145 694
303 590
239 251
208 100
744 439
190 110
51 91
767 250
750 38
420 535
789 618
520 519
479 116
634 240
192 456
601 822
72 761
68 493
842 811
438 77
439 369
298 326
744 341
780 275
529 585
490 590
363 372
715 302
867 828
521 856
737 398
867 181
777 202
605 537
92 441
792 393
59 727
744 599
301 163
126 439
362 620
329 604
846 826
523 245
194 165
267 563
694 309
500 761
236 322
736 123
476 241
313 644
672 470
811 508
487 467
786 445
808 413
539 680
577 64
740 692
609 704
483 238
822 856
550 643
712 67
54 845
129 720
59 748
120 644
53 876
393 680
702 461
447 840
615 401
146 578
608 77
806 32
204 453
538 808
668 1
199 139
108 617
736 444
226 64
847 557
344 367
691 496
129 435
846 288
573 440
498 63
814 265
579 817
192 477
623 855
548 778
600 357
818 400
714 52
35 391
258 635
495 348
178 812
822 566
881 823
320 624
840 497
658 245
268 64
508 438
179 718
29 69
275 590
597 198
798 473
569 426
56 670
788 140
112 810
331 190
593 551
207 483
427 284
121 153
656 252
399 295
767 728
79 677
671 139
294 394
861 725
780 351
33 412
343 187
625 827
353 569
247 244
66 754
661 830
367 491
581 865
378 461
620 649
491 429
4 809
231 295
432 823
344 324
120 321
352 608
22 733
93 345
279 173
817 17
16 427
198 71
327 26
313 133
405 162
667 563
398 211
525 732
379 132
353 244
490 385
625 55
735 757
153 247
761 10
391 800
178 354
469 865
625 128
739 392
423 403
794 549
597 613
249 148
123 8
784 78
236 579
202 767
242 512
775 207
47 724
636 631
512 397
382 81
326 318
186 75
81 704
557 862
227 391
469 83
780 873
46 872
275 70
25 261
336 355
318 727
300 454
361 810
322 544
783 349
437 678
203 367
314 358
778 233
742 174
525 449
529 774
749 205
269 515
861 425
805 15
50 105
507 799
709 294
592 850
104 754
85 832
601 159
266 295
878 184
255 378
870 288
311 564
355 336
774 221
39 531
775 172
444 439
470 868
589 647
606 767
240 346
206 674
100 481
84 411
