1000 9909
34 979
695 490
575 144
208 66
742 899
411 743
780 676
884 594
146 264
423 884
890 533
781 866
910 382
165 397
647 549
651 558
265 511
114 374
181 334
714 569
509 622
537 562
717 946
403 726
544 488
304 845
673 308
839 99
880 400
791 796
294 860
652 582
321 850
766 703
37 300
540 179
891 737
396 459
217 402
37 135
24 794
706 726
302 21
912 185
54 586
554 898
295 884
101 677
687 162
433 235
879 906
137 16
23 826
257 182
684 763
353 813
33 943
180 810
586 789
714 302
110 687
257 39
153 502
137 985
625 731
113 228
965 107
495 224
577 879
245 521
998 249
826 70
111 944
457 569
573 731
479 572
957 892
30 206
766 244
860 361
609 687
579 275
390 679
146 586
755 242
828 894
280 316
65 570
122 701
671 464
683 398
740 245
116 687
7 968
745 497
75 350
256 468
653 945
575 5
632 581
462 966
69 884
939 305
639 738
129 715
39 328
687 556
501 505
602 20
454 961
237 463
187 838
848 892
425 221
84 454
412 461
783 238
735 225
334 778
649 206
28 157
416 871
680 724
38 482
776 199
597 113
175 207
674 762
307 511
515 802
398 938
679 623
481 432
875 256
732 655
967 304
145 377
883 781
494 898
304 550
184 848
974 615
222 776
960 177
35 894
340 339
71 541
555 940
883 555
277 366
776 515
427 561
600 327
818 130
837 102
175 515
269 762
291 30
148 509
372 83
944 372
233 243
31 64
568 788
438 66
920 509
461 803
319 453
323 798
585 503
182 71
609 489
457 580
573 654
216 969
546 529
272 607
815 970
559 956
225 928
163 903
409 523
945 713
158 142
967 652
306 901
651 827
321 444
730 784
33 96
766 822
324 545
938 293
26 923
396 548
4 822
350 52
212 561
963 795
824 179
398 74
271 248
347 622
338 891
264 106
337 596
212 672
786 147
365 382
351 191
933 209
956 662
557 913
483 558
503 385
765 878
514 696
532 561
865 596
772 224
331 272
80 528
979 476
338 556
875 351
931 577
161 945
504 302
62 531
790 375
41 788
524 679
800 455
433 162
109 942
73 139
58 561
19 813
349 78
166 652
735 747
300 918
652 195
747 71
784 971
343 528
988 299
828 918
185 547
149 952
921 151
634 718
447 679
519 808
508 439
325 263
116 188
205 32
210 201
599 545
283 831
180 913
2 318
323 907
881 917
276 19
68 131
778 253
642 924
419 525
726 398
197 486
142 751
569 321
346 74
994 974
439 711
833 628
394 452
52 280
989 789
60 803
460 69
744 344
75 358
312 52
39 387
219 649
428 635
392 76
696 922
364 888
346 799
984 401
807 958
795 990
84 399
708 577
584 591
324 842
19 284
39 737
652 716
56 826
70 825
271 498
437 998
957 239
479 383
675 770
544 171
835 892
295 962
850 604
409 331
193 428
250 36
804 324
951 663
446 19
900 695
773 591
795 395
799 451
915 197
326 787
163 680
150 45
773 816
245 353
743 166
46 114
474 901
257 169
996 770
524 937
49 15
701 543
375 756
301 241
638 170
505 558
803 115
589 542
153 394
211 764
675 13
968 1
327 774
399 405
883 174
47 371
741 308
723 281
119 608
449 924
64 366
12 586
128 119
868 649
975 631
598 751
837 626
760 641
816 947
393 966
660 12
937 641
350 622
43 2
803 540
237 200
443 175
829 516
192 283
890 530
797 38
449 472
142 997
471 619
798 656
378 337
568 129
198 588
927 401
346 755
296 452
174 549
321 55
375 380
19 312
807 819
995 83
432 294
688 697
583 968
870 478
174 775
819 206
700 347
38 342
574 356
540 140
583 238
491 30
802 928
257 634
809 181
151 386
726 530
306 233
736 542
454 305
453 44
978 695
135 910
943 791
240 764
776 616
456 420
455 814
286 296
793 916
102 470
620 565
15 923
72 227
959 661
586 897
272 32
722 101
893 908
551 586
384 94
885 600
210 288
771 529
361 148
340 856
940 210
655 585
12 765
397 841
128 450
495 310
959 455
136 398
11 447
547 705
881 703
494 250
132 409
781 820
530 628
180 397
454 548
346 949
990 634
204 59
759 299
838 958
983 291
752 571
878 463
754 105
493 979
670 443
32 507
985 395
731 699
380 459
596 747
407 340
320 294
528 891
329 568
695 909
369 815
174 688
691 326
221 747
882 743
482 249
620 730
325 861
970 130
734 443
58 824
113 435
442 603
244 931
960 404
687 99
799 613
411 300
201 976
130 460
657 173
867 359
266 668
84 123
801 853
144 48
219 660
435 467
843 510
130 127
663 75
244 833
597 707
232 777
749 520
571 488
628 944
918 127
154 152
49 454
468 504
847 726
679 946
974 774
741 537
633 128
889 878
12 349
225 374
445 520
234 236
508 259
254 235
880 694
37 847
243 86
67 165
153 322
361 231
713 282
213 898
241 410
812 489
690 909
51 681
603 404
522 82
122 734
342 491
90 112
768 60
328 549
129 564
795 727
694 751
330 562
523 469
70 560
915 95
19 146
593 265
904 204
751 616
961 493
389 780
856 709
215 558
22 678
88 340
463 528
139 966
891 989
449 162
178 928
490 990
288 662
574 194
173 731
195 851
274 350
402 427
999 928
66 988
586 263
914 270
454 95
257 561
386 983
959 738
728 76
468 528
538 469
166 562
919 80
957 285
503 855
862 394
481 189
45 852
616 784
304 338
417 661
79 21
373 488
176 796
180 892
567 864
749 893
883 439
521 920
370 606
151 541
547 204
857 509
646 512
349 640
555 47
604 410
966 529
25 875
211 592
106 262
125 42
330 46
755 911
862 849
59 644
894 326
367 194
902 75
47 704
33 402
876 964
259 944
884 463
233 699
677 810
949 21
588 507
474 139
206 614
281 845
726 361
565 37
17 535
432 405
75 281
464 272
527 409
735 282
826 546
900 237
114 336
976 379
902 919
597 357
853 203
144 557
696 10
511 843
312 787
521 97
173 686
182 900
645 192
117 369
687 965
155 92
316 901
602 497
221 723
597 40
339 792
670 828
724 876
341 611
622 597
572 378
792 938
54 290
193 419
726 759
292 49
260 535
391 319
84 947
278 983
26 116
45 952
619 95
679 997
184 367
561 346
676 125
720 837
422 829
137 931
48 194
712 809
987 497
239 356
115 170
150 511
964 783
822 429
230 982
167 856
443 464
941 305
216 898
837 736
393 485
881 944
73 627
573 806
613 329
464 176
137 750
285 446
49 938
741 21
17 977
698 440
935 437
648 589
811 235
116 597
229 850
357 365
788 169
171 217
725 722
838 851
860 715
467 687
75 402
773 93
100 807
48 842
620 345
40 970
838 652
161 542
97 985
277 660
60 260
557 984
562 706
139 671
781 292
109 988
861 598
387 93
216 20
818 811
502 256
109 610
58 916
330 145
350 340
575 901
36 775
581 472
467 88
903 860
69 244
165 801
573 164
831 896
758 224
245 467
249 912
698 599
715 671
681 259
754 891
22 5
206 294
465 664
982 875
785 493
783 878
775 718
923 635
391 193
413 521
306 603
895 367
966 786
617 703
465 335
858 691
366 906
462 409
29 714
197 276
768 838
665 450
230 750
326 184
253 413
42 742
974 487
216 781
949 171
717 447
789 786
612 683
974 278
759 516
574 402
91 142
347 358
977 227
940 497
651 878
601 527
618 727
751 977
683 17
845 317
227 250
997 450
47 847
998 869
178 554
144 742
622 977
916 600
122 350
221 633
170 297
624 804
295 792
455 312
757 157
524 607
482 246
450 600
184 628
973 780
575 552
893 296
28 445
545 525
782 850
89 697
662 676
278 189
761 239
375 128
68 406
722 631
553 195
274 940
918 397
983 745
353 990
242 589
973 560
555 831
409 973
980 412
486 237
288 990
642 229
970 726
590 727
37 765
370 394
940 770
104 610
860 745
78 494
556 306
462 501
624 344
349 636
751 815
548 429
333 679
536 429
333 457
150 641
779 243
48 327
211 917
413 81
91 187
256 148
789 822
646 97
354 587
392 372
157 44
400 887
56 193
110 116
739 580
811 51
795 726
208 12
262 745
450 73
547 589
363 680
238 152
269 533
687 605
321 220
473 9
221 955
845 289
350 833
276 556
942 901
119 28
502 908
673 400
640 711
949 323
293 495
919 431
946 459
108 418
990 768
973 718
840 293
1000 564
654 91
14 442
587 326
701 196
465 804
856 403
503 560
344 167
363 133
109 921
202 13
274 750
409 161
155 145
925 909
52 527
400 24
541 733
502 507
595 61
808 52
704 101
93 906
267 345
129 280
514 109
805 954
712 895
296 646
600 468
699 24
828 764
228 976
727 494
141 691
953 405
993 916
208 428
244 282
979 745
937 164
621 824
713 173
608 205
112 956
116 860
410 807
413 854
350 84
116 626
134 369
542 114
39 635
341 851
532 44
266 214
8 320
775 504
337 660
319 780
737 936
108 593
19 64
863 480
593 475
869 382
126 949
569 146
91 978
790 890
908 721
1000 370
342 833
473 150
402 234
804 529
238 513
611 489
973 754
890 176
526 66
252 933
571 855
917 847
221 722
978 943
117 481
482 190
725 226
446 868
325 788
517 721
922 870
67 869
212 122
714 196
110 965
738 222
496 733
115 475
11 602
925 770
175 487
433 204
625 624
112 397
558 156
887 976
858 954
453 146
317 675
709 97
125 378
272 364
382 411
555 775
132 988
519 736
945 75
34 298
253 150
500 588
737 233
480 382
376 594
837 350
853 747
370 293
10 146
677 934
347 127
383 789
300 335
211 988
30 96
694 27
53 866
91 114
988 764
856 826
318 319
86 843
826 370
20 173
563 70
797 435
321 378
907 735
871 742
310 562
938 251
868 120
171 216
707 442
125 625
364 719
181 783
266 670
902 993
56 794
381 856
238 963
134 526
925 305
104 419
985 478
17 284
494 536
387 190
597 233
507 927
787 833
293 8
944 623
122 58
782 964
887 324
424 72
192 36
523 984
14 285
153 785
326 83
165 863
240 879
448 851
157 880
374 766
412 991
927 325
509 349
754 888
426 883
517 772
433 121
254 19
805 993
475 450
404 846
262 420
136 792
780 33
150 205
106 42
769 873
318 927
599 634
987 476
404 902
510 347
479 680
816 228
708 402
945 960
56 601
73 669
257 454
42 596
295 266
371 928
55 650
828 906
299 220
542 168
640 176
551 938
510 644
539 930
385 555
63 686
787 304
259 907
886 654
208 33
449 265
685 329
922 141
972 559
514 960
561 721
234 942
80 378
150 337
40 536
916 601
230 799
732 228
473 206
493 755
593 717
558 681
670 406
613 514
62 280
65 20
156 965
514 723
736 879
148 981
45 571
166 187
123 651
930 547
662 714
790 511
974 857
41 172
210 525
121 254
828 149
593 888
820 12
463 114
11 597
800 446
89 553
328 431
61 403
945 288
953 813
225 170
341 458
415 29
738 488
90 563
690 327
955 105
225 372
348 364
750 933
659 861
751 451
491 713
907 91
874 91
306 862
722 214
225 598
647 426
559 814
871 584
128 416
591 633
281 710
1000 234
102 542
927 603
371 279
518 44
42 509
872 36
122 591
13 684
485 511
638 527
949 416
553 911
406 997
959 219
816 80
564 265
473 8
200 752
792 404
260 106
948 31
26 485
471 898
147 427
477 577
497 259
333 925
174 611
57 663
711 200
661 815
352 917
479 260
544 19
636 905
340 190
217 301
650 318
682 353
866 130
994 79
83 660
320 34
670 710
567 702
737 663
520 235
709 729
984 504
888 660
378 698
452 709
879 862
93 213
629 387
176 334
413 686
182 405
419 101
121 661
84 895
31 144
969 215
606 796
572 916
741 571
29 623
781 367
516 202
233 125
660 422
964 124
724 668
375 928
394 225
34 88
626 990
755 62
574 582
3 847
579 492
837 556
881 756
4 759
777 817
722 125
679 736
323 315
87 178
643 984
453 932
845 482
540 572
406 790
86 14
527 561
248 949
29 358
186 835
868 187
625 435
657 982
934 58
402 235
563 476
549 849
91 755
278 425
316 212
388 313
395 719
126 743
661 948
465 775
502 314
586 5
808 243
41 228
779 946
943 143
982 611
253 593
895 134
552 791
2 201
115 624
425 726
376 388
193 594
250 421
359 69
417 710
272 79
519 573
367 958
351 737
524 981
173 129
965 101
213 640
567 977
589 825
992 205
809 393
3 350
943 594
634 754
569 17
210 25
123 602
659 804
915 654
662 169
443 357
707 976
504 373
582 400
567 100
128 219
438 440
774 326
977 330
244 383
48 34
68 941
107 961
915 620
932 566
280 181
409 599
33 451
17 838
414 192
551 897
354 641
831 145
525 786
929 137
693 336
236 634
425 442
264 888
356 198
161 263
720 161
829 513
665 544
47 964
378 340
806 307
75 263
682 229
848 5
345 13
420 601
393 484
187 830
540 890
744 965
191 458
229 643
606 495
611 439
792 635
558 658
544 492
84 285
639 621
514 716
861 547
648 820
958 315
984 146
236 71
878 626
648 874
554 876
459 736
80 731
796 801
943 50
948 612
416 573
715 435
74 9
44 673
210 697
367 699
671 580
377 216
319 537
325 152
451 590
771 131
22 27
685 313
444 489
552 314
656 193
969 30
736 383
185 751
573 388
338 55
900 106
328 225
37 711
849 577
791 418
23 532
281 173
859 744
291 324
983 779
50 549
162 491
911 783
292 634
21 420
99 924
10 183
566 143
328 814
32 184
869 241
462 494
732 303
290 502
518 182
756 677
298 797
214 153
180 281
551 826
570 680
384 750
578 756
882 710
683 19
703 92
377 606
159 814
787 17
749 411
416 925
34 580
740 422
557 792
449 219
145 194
735 237
977 685
908 617
895 860
454 231
311 618
448 13
353 272
762 956
778 953
545 913
106 568
213 772
53 747
772 159
994 27
303 887
677 6
308 991
2 286
279 238
466 307
943 839
140 176
503 844
438 949
899 134
796 555
965 940
732 937
895 47
864 337
672 382
818 190
268 163
235 272
940 188
741 518
141 92
840 297
380 610
665 130
472 333
599 537
413 924
710 658
34 339
729 221
991 936
560 823
197 630
695 155
823 966
992 322
556 195
738 698
833 834
744 419
447 123
983 156
516 909
332 818
314 293
333 455
635 630
524 432
998 507
825 919
994 806
943 155
655 991
214 165
587 957
417 352
458 763
613 97
560 371
959 117
686 791
359 809
217 880
551 175
833 398
32 427
357 303
271 196
683 140
530 377
173 257
553 680
184 325
458 300
900 155
39 761
702 11
763 43
888 840
777 289
144 994
182 814
74 367
917 809
525 7
188 507
65 352
5 131
821 601
843 177
37 202
404 707
625 505
438 998
644 821
266 619
442 493
369 699
316 390
61 598
467 18
914 559
257 976
455 973
912 442
558 134
282 389
343 523
624 270
291 81
275 820
862 280
922 85
870 775
616 930
466 57
785 427
752 871
233 211
235 397
272 401
366 977
681 635
349 669
194 734
197 985
662 381
756 72
438 798
154 524
907 70
121 727
894 506
977 510
398 408
375 931
760 328
747 532
911 391
197 763
860 301
884 347
171 464
377 843
928 565
781 934
360 23
508 119
860 476
773 307
976 193
884 458
423 254
206 762
727 44
270 343
237 224
313 240
817 640
12 998
60 686
99 400
725 684
483 49
268 995
730 18
626 99
610 608
578 478
658 422
622 61
787 182
939 403
498 577
299 624
230 10
730 308
895 978
570 669
430 952
795 240
616 435
84 361
910 163
382 626
255 448
807 617
622 671
533 777
198 32
700 290
630 39
945 397
1000 816
430 55
123 547
537 587
478 451
545 676
984 324
487 403
349 479
900 977
232 723
893 642
14 835
346 619
456 27
480 385
558 124
686 177
101 511
721 674
993 837
208 507
25 219
586 988
127 572
237 684
387 877
561 138
764 631
747 611
710 629
270 614
269 934
466 609
641 131
54 376
933 704
971 533
328 529
995 411
816 774
727 394
428 564
379 174
968 961
129 625
518 501
367 961
336 155
890 542
216 449
214 92
843 684
146 404
495 85
558 519
54 6
40 574
520 360
578 34
448 259
673 350
469 243
757 576
226 904
282 918
139 771
947 920
823 828
325 980
458 247
810 352
61 58
305 616
655 376
843 232
93 457
536 752
207 321
745 938
174 890
361 913
804 277
622 628
770 901
18 670
934 912
168 79
667 55
575 902
943 162
520 819
939 955
444 379
799 419
158 569
602 915
641 513
951 356
258 499
741 912
596 117
101 561
110 705
475 452
130 185
921 162
171 975
978 469
539 141
200 347
429 395
547 312
196 426
470 729
306 598
717 490
295 550
408 186
836 858
638 202
270 800
390 151
58 70
363 66
707 975
779 490
638 85
479 907
660 351
24 505
723 313
980 712
840 123
141 842
394 166
697 804
525 973
436 797
699 913
648 669
264 646
259 856
91 193
510 789
907 765
894 639
535 769
351 416
703 95
878 467
42 57
651 577
817 857
521 45
170 389
544 410
679 675
303 163
149 692
679 14
921 800
703 386
579 624
545 800
984 192
30 824
680 729
554 190
169 84
173 516
504 933
212 478
123 653
568 366
515 809
771 435
165 992
187 680
943 209
915 168
841 443
752 74
382 789
684 807
614 672
210 666
67 831
767 386
483 135
953 962
992 936
865 158
980 185
528 330
710 102
966 508
35 298
662 901
499 313
153 36
429 495
231 807
694 389
163 223
42 788
352 132
250 812
267 733
780 854
174 445
720 106
271 621
664 967
992 468
828 586
228 910
413 780
180 553
73 703
882 447
3 708
134 110
318 667
121 683
594 410
741 473
870 311
342 380
350 667
100 422
618 679
307 580
705 553
41 629
635 936
651 655
638 525
664 306
920 860
227 138
657 607
35 991
592 52
518 332
902 943
611 634
959 810
284 114
412 447
345 68
958 7
80 503
489 966
142 195
308 751
165 162
648 68
423 750
485 181
965 587
912 585
986 630
326 511
572 483
745 977
687 914
445 259
835 647
108 67
951 537
274 749
496 293
903 666
231 135
913 962
507 679
787 601
572 193
135 957
671 543
268 98
344 968
861 189
952 647
104 526
144 431
205 522
286 160
829 450
693 789
434 600
128 979
441 396
776 691
980 435
508 460
932 318
250 835
859 723
313 620
10 253
90 911
56 531
382 338
536 285
974 435
613 337
371 922
319 218
712 126
342 297
788 435
579 494
319 43
656 613
929 476
345 484
789 855
376 738
659 311
842 963
789 696
683 461
124 183
250 58
551 82
536 298
38 867
350 913
521 139
759 495
123 9
394 547
428 791
843 784
612 211
151 945
243 242
14 123
677 409
680 627
218 478
917 808
61 932
672 247
948 364
991 78
294 810
636 943
984 184
18 808
934 794
245 217
805 7
735 986
886 82
745 862
812 33
801 672
932 158
456 687
116 950
383 508
112 97
663 30
648 301
135 762
170 913
376 390
591 346
330 347
760 492
153 194
141 353
170 577
24 593
693 290
653 262
555 888
239 499
776 687
432 101
516 657
242 644
444 660
148 144
594 64
997 901
45 376
608 236
203 640
8 946
401 677
6 508
964 368
215 942
364 548
313 162
761 968
498 222
561 964
609 585
543 700
712 376
108 545
726 463
494 338
21 578
449 467
251 107
731 293
38 936
207 780
78 700
240 895
35 919
877 900
271 319
19 206
761 667
977 566
449 253
322 357
176 396
969 998
990 844
277 815
173 654
265 707
692 222
624 828
491 503
476 577
207 467
999 919
467 382
285 689
269 12
348 523
312 529
900 370
151 40
616 575
781 177
568 706
74 55
115 673
60 102
171 480
785 199
571 594
782 618
376 418
984 289
678 485
3 303
794 46
443 52
813 179
562 2
176 841
770 178
508 534
932 400
510 124
727 589
893 677
196 427
434 608
573 499
831 755
103 324
620 562
107 641
426 547
137 556
103 469
566 493
825 671
845 868
756 385
466 93
614 35
139 321
819 845
704 667
962 435
464 294
12 762
531 602
996 246
33 94
786 628
613 75
221 802
804 146
540 698
190 103
816 690
835 366
32 385
940 885
712 483
401 267
769 620
699 751
882 964
302 524
48 923
527 477
450 771
569 207
742 647
990 665
912 48
496 205
739 155
942 988
805 364
551 376
511 783
334 780
740 311
613 527
706 483
13 841
51 42
821 978
515 667
588 963
572 472
836 771
409 484
1000 619
730 493
610 246
57 750
387 445
192 3
321 673
452 605
895 203
164 169
311 266
23 118
212 189
783 680
239 740
334 712
151 274
230 297
100 963
839 897
25 455
387 744
120 963
706 982
529 823
325 412
219 905
257 148
899 325
177 881
131 751
245 725
942 229
546 530
214 652
430 953
884 393
5 402
654 840
171 763
290 199
554 156
719 866
152 156
547 53
340 797
924 77
275 726
560 184
617 953
484 224
67 408
626 953
664 230
354 724
923 706
159 601
989 666
760 702
447 357
565 859
472 518
345 312
403 88
632 504
651 654
241 72
920 861
482 338
51 507
640 300
937 510
921 993
344 286
576 729
259 279
333 922
394 878
967 95
109 883
666 966
99 165
407 228
434 130
37 103
644 17
938 754
903 772
265 612
759 939
452 546
2 369
115 744
277 569
210 590
390 1000
597 896
139 552
891 687
909 4
203 277
931 724
568 371
445 277
222 863
923 360
66 763
795 73
754 812
741 838
795 338
409 147
796 521
943 970
413 683
624 256
883 525
754 959
60 151
689 836
604 369
841 1
783 930
491 904
178 77
845 970
827 67
956 421
49 199
31 435
830 952
311 299
970 10
121 725
68 948
620 649
937 909
148 108
702 655
370 140
963 79
669 335
414 890
324 755
815 714
337 895
138 888
211 802
17 633
823 635
204 489
229 906
267 677
562 870
190 63
670 357
708 568
588 214
661 622
33 852
375 406
456 788
327 19
455 478
377 374
730 306
787 809
751 600
459 872
155 83
943 426
47 97
784 609
148 904
40 241
779 806
463 785
766 986
531 413
642 699
239 830
117 414
634 478
874 635
55 914
316 420
763 629
473 711
240 726
719 230
26 113
282 487
76 975
738 316
23 924
783 902
453 303
349 334
379 759
755 848
608 126
515 474
444 772
67 451
51 966
103 513
659 519
609 644
3 799
105 165
821 359
362 540
346 185
238 395
845 161
458 392
129 760
967 594
699 996
514 129
591 562
425 447
833 554
940 266
651 889
357 360
751 860
470 89
747 185
80 3
522 998
461 442
318 29
105 592
271 137
94 484
739 785
777 12
617 461
530 300
363 517
365 175
520 362
340 542
740 397
578 32
263 938
914 30
806 16
919 467
207 557
731 627
436 413
754 432
114 595
776 210
338 607
230 593
470 766
451 900
88 74
992 672
517 357
95 265
761 357
853 445
856 79
982 531
434 989
397 167
435 332
165 859
520 166
173 884
623 916
712 541
822 582
359 585
148 625
849 676
866 794
598 717
325 423
465 300
230 108
107 755
399 721
435 776
475 375
903 221
809 884
504 293
893 789
625 963
333 254
975 307
63 981
263 151
413 806
374 835
806 775
388 612
988 692
485 148
804 540
399 356
882 488
383 821
186 339
336 460
337 933
802 41
15 308
418 318
517 594
204 339
30 467
186 61
513 836
636 44
948 310
554 267
555 94
797 181
800 903
655 11
150 629
347 648
260 1
132 578
377 701
493 623
967 122
131 372
44 979
175 103
804 597
566 668
248 573
47 25
217 326
199 818
148 832
937 93
631 815
430 2
503 728
674 428
700 484
95 498
667 21
266 646
88 324
219 746
843 500
867 506
295 153
559 400
249 951
233 474
784 998
13 268
35 300
92 267
775 147
865 13
150 239
651 406
983 597
732 859
475 290
666 121
951 637
676 946
452 268
455 658
966 559
509 48
71 969
148 218
901 996
228 904
708 498
525 740
105 67
684 395
595 800
869 129
300 380
285 496
699 846
315 601
792 915
10 57
458 663
530 707
637 883
692 339
727 107
967 939
454 634
700 870
333 695
542 309
854 507
325 743
349 60
492 344
856 715
928 232
796 471
190 866
908 697
835 619
817 980
451 594
403 57
660 518
627 973
666 967
617 302
619 557
451 975
179 124
826 989
444 104
856 408
602 644
567 698
752 25
990 39
370 916
839 838
305 977
101 661
754 851
69 183
921 382
405 341
218 248
559 436
162 618
89 954
571 266
844 148
865 41
404 915
287 38
272 261
590 645
2 946
7 423
104 564
358 505
659 780
822 296
150 469
153 439
7 52
893 989
552 747
112 802
367 490
719 833
353 584
695 248
535 863
946 904
807 986
251 754
432 808
197 760
594 911
275 354
369 323
59 523
734 639
85 519
146 653
204 411
225 848
155 633
466 666
251 976
897 508
882 18
204 490
649 371
963 879
531 883
221 873
972 999
590 402
593 478
646 352
668 296
483 50
14 218
468 710
929 956
402 84
442 985
574 902
422 147
320 501
929 813
696 16
838 969
700 616
830 255
691 279
982 298
752 295
407 628
180 163
679 607
275 999
207 366
946 202
303 955
752 431
143 930
424 224
23 72
800 987
780 325
62 248
143 979
645 637
871 405
174 63
305 956
32 596
287 228
879 894
326 778
787 740
249 384
253 847
754 928
187 33
650 907
451 372
931 958
624 444
614 219
232 613
441 287
136 499
194 545
250 869
279 725
732 33
805 699
93 761
137 647
711 917
177 646
620 750
859 942
237 526
699 793
497 929
3 798
760 793
342 331
16 659
81 435
337 969
323 138
696 752
678 512
806 597
128 364
129 965
174 807
742 955
265 5
694 830
254 737
458 574
167 154
80 4
595 679
742 522
47 960
342 132
553 971
412 346
369 218
130 682
835 261
605 999
289 505
420 581
114 366
151 983
247 988
602 427
113 174
331 243
39 642
865 610
212 342
529 380
695 983
41 42
652 638
763 325
286 964
565 455
490 675
826 917
744 630
908 935
4 472
843 144
199 623
572 434
149 694
900 658
650 845
631 616
222 457
616 878
726 682
965 69
641 695
886 22
992 237
864 220
918 379
999 426
505 610
783 997
625 881
864 407
918 180
888 29
492 738
569 966
876 582
453 403
883 226
920 280
59 996
558 270
135 75
452 221
11 537
763 508
889 550
780 915
487 965
516 917
612 706
651 902
319 28
548 518
294 458
756 673
495 319
668 707
775 281
485 773
927 610
731 101
626 885
887 700
76 150
919 818
42 709
685 556
834 870
104 87
394 391
33 205
404 696
809 572
312 4
76 229
39 499
223 342
596 796
467 736
323 388
803 910
660 781
809 589
540 380
389 50
856 752
268 934
369 506
899 604
826 740
39 721
388 479
338 798
839 430
753 41
294 993
777 265
433 579
18 991
79 762
482 240
778 933
250 148
268 283
749 334
142 260
260 951
445 365
984 481
468 178
202 98
463 121
315 220
876 230
623 939
330 270
594 563
830 755
409 181
984 319
306 279
60 732
920 869
407 759
267 384
50 784
37 534
23 967
281 28
272 425
201 277
900 827
361 95
90 519
202 905
836 200
699 208
223 758
543 451
251 745
986 364
542 137
198 963
641 200
237 871
955 552
115 311
983 510
877 663
329 897
825 4
110 126
55 907
336 215
378 446
174 988
38 890
369 17
721 196
118 436
941 823
583 730
584 716
604 535
588 172
482 451
82 777
891 101
514 878
731 338
933 840
962 76
47 850
99 86
285 597
397 443
512 617
626 349
679 146
397 12
435 233
164 489
936 322
754 505
39 987
526 862
377 442
782 897
714 859
967 383
93 270
333 978
345 819
144 132
808 171
844 601
385 995
857 738
26 27
754 345
230 459
179 571
642 417
339 528
899 274
295 645
757 490
211 394
728 736
927 448
215 466
720 848
314 897
798 439
908 435
267 61
591 205
239 329
332 541
296 539
560 888
101 296
229 355
693 564
438 465
565 365
483 744
905 290
34 329
254 921
651 113
357 400
219 183
996 568
313 26
276 138
115 354
208 192
775 208
82 681
269 187
609 600
901 266
828 619
392 278
726 497
546 107
134 506
396 449
259 599
575 69
388 113
467 664
986 132
100 778
351 155
892 429
106 26
687 962
530 123
70 832
532 733
972 420
188 411
870 667
362 386
913 18
87 979
207 357
37 48
24 775
424 225
633 773
950 789
396 127
698 715
382 848
2 194
24 950
924 658
961 959
176 721
286 538
128 660
435 528
365 815
560 695
867 565
960 241
600 152
548 457
842 253
813 428
401 700
746 849
304 196
729 677
624 445
163 11
92 99
516 525
168 403
386 502
794 491
989 280
893 783
732 179
328 89
385 182
168 546
560 868
139 99
927 218
309 127
253 1
770 259
978 158
62 523
361 160
699 792
797 363
67 82
552 998
147 330
693 347
414 852
643 938
661 317
367 860
316 706
726 285
104 124
412 173
765 377
902 254
453 899
475 759
737 811
160 173
215 649
759 488
691 889
241 22
579 890
372 996
726 255
251 221
415 828
934 456
973 430
591 963
333 975
178 912
929 712
752 501
843 910
938 918
908 578
446 641
910 766
187 531
633 711
498 752
279 309
122 68
394 951
779 836
445 328
175 163
839 888
622 632
654 419
550 324
348 804
757 128
304 386
381 517
801 818
418 662
384 490
221 67
499 289
796 627
638 492
275 880
735 622
370 526
478 733
119 905
101 398
395 59
253 195
510 54
154 129
42 975
278 583
272 231
564 840
937 954
449 624
966 995
660 202
738 770
116 914
579 282
651 953
674 506
270 497
932 934
476 529
674 109
693 191
414 944
54 459
960 770
58 49
695 755
990 610
955 749
740 77
800 810
659 225
237 53
954 559
666 335
351 61
562 812
299 670
545 218
673 397
692 415
160 56
768 423
153 50
313 526
83 928
800 8
303 175
236 130
844 449
604 722
705 909
675 885
605 748
697 737
786 473
398 947
35 50
558 909
559 188
726 711
639 354
144 153
718 855
24 895
313 970
965 774
88 326
920 460
932 209
900 631
624 231
115 988
25 452
228 709
634 320
357 935
619 28
604 360
21 22
54 841
162 374
383 663
757 390
301 160
194 359
213 57
295 454
97 347
896 383
296 326
457 627
760 116
689 392
436 735
972 569
510 456
594 7
78 140
694 42
567 472
627 117
864 769
186 373
8 589
850 812
744 311
546 213
971 576
978 209
483 314
507 416
845 504
69 974
18 380
570 817
129 701
848 51
117 978
905 12
501 563
617 506
801 227
644 367
792 410
497 436
7 709
359 522
34 613
808 592
312 895
708 741
268 730
530 133
276 14
184 313
368 54
246 11
986 626
862 193
322 537
188 496
62 393
160 356
196 923
303 929
549 921
259 71
709 707
487 21
400 31
878 926
97 187
995 734
580 688
157 897
925 823
13 477
71 619
40 453
847 506
405 339
500 215
562 118
927 306
430 254
654 521
568 842
555 784
79 130
974 460
284 810
728 656
703 822
179 728
625 824
440 600
292 985
438 597
542 953
854 895
528 231
683 272
129 386
219 180
134 909
721 714
676 694
807 412
457 760
762 97
627 81
76 505
223 634
519 185
284 750
752 782
21 697
82 569
85 502
821 34
144 226
954 645
842 25
812 747
81 375
137 37
446 889
497 455
670 360
857 359
605 897
538 318
852 558
263 835
982 441
910 394
951 810
160 781
961 114
799 886
30 997
255 382
825 483
365 490
496 103
423 654
541 487
285 681
326 479
662 517
899 181
207 360
45 637
100 760
572 370
562 312
909 37
144 225
18 710
366 618
801 789
896 763
163 300
827 789
370 664
45 944
728 846
488 723
620 804
896 618
623 12
121 299
736 90
1 187
533 301
66 468
244 423
425 293
180 975
932 350
721 677
542 917
483 251
733 790
510 433
637 592
923 802
449 619
671 192
450 452
675 133
560 288
641 21
458 971
360 782
149 310
877 572
968 232
536 492
940 374
834 657
321 450
176 459
933 715
436 949
129 987
494 231
223 495
134 340
428 561
837 923
698 307
495 798
111 346
777 160
171 209
697 121
350 881
388 86
38 204
415 831
472 799
787 104
471 979
78 819
798 552
217 77
381 962
39 700
208 632
536 859
782 92
921 979
588 987
44 889
155 48
853 457
568 343
914 319
592 429
791 903
545 633
657 103
510 554
349 235
331 416
637 663
908 816
175 275
433 144
453 93
240 870
684 975
847 269
23 223
690 120
477 597
111 518
539 454
499 288
830 676
562 62
818 92
712 623
783 886
845 685
149 918
956 266
525 283
253 194
477 410
426 668
229 297
405 784
819 947
345 868
641 343
626 687
555 745
148 193
851 258
466 796
160 671
16 915
202 994
682 578
595 777
499 156
102 925
944 63
175 949
608 140
685 776
944 142
180 368
925 170
871 690
927 620
640 38
146 723
518 59
754 442
355 859
427 198
275 122
557 624
715 115
122 933
350 376
912 821
214 125
381 644
635 225
63 328
428 827
186 501
702 17
649 107
152 909
579 998
263 907
330 840
792 605
170 273
502 90
256 971
182 836
734 273
496 431
478 211
719 744
122 89
315 922
714 805
336 112
222 212
39 902
689 695
566 957
93 345
274 533
746 613
412 907
35 320
678 426
809 297
538 361
831 940
813 721
705 456
944 512
67 947
490 54
552 69
571 483
148 528
614 726
569 774
288 871
815 947
64 670
762 493
986 290
541 580
50 993
859 605
70 484
182 162
292 934
167 570
222 675
582 323
888 561
968 499
16 928
831 608
963 312
12 436
931 342
347 15
917 151
987 122
480 684
409 608
29 855
30 16
667 63
824 513
219 73
432 897
898 727
223 406
205 135
258 808
618 672
932 810
772 519
527 287
858 66
886 540
133 92
356 363
857 266
810 112
739 810
182 240
960 525
43 867
762 185
416 959
808 593
754 277
722 287
429 727
318 182
674 562
435 122
146 251
183 844
69 191
373 778
857 85
36 734
2 474
165 62
586 268
793 622
301 319
304 621
487 20
680 984
202 388
184 647
636 434
757 66
392 600
116 369
247 52
233 443
250 507
335 295
2 30
165 626
888 377
133 3
71 648
223 929
97 501
426 709
848 128
11 933
451 298
270 882
641 366
182 142
975 327
164 834
634 583
764 762
210 271
243 568
185 779
439 906
862 263
271 765
310 157
516 984
812 55
998 270
803 268
896 122
381 264
242 974
703 815
926 74
87 218
660 114
755 180
683 435
464 491
428 590
985 703
217 805
952 304
81 374
523 411
82 969
484 885
161 446
713 889
473 508
555 10
223 168
351 487
856 571
673 475
56 451
844 36
368 373
618 969
251 160
948 250
967 174
130 585
661 731
126 696
102 70
578 75
248 666
492 163
722 659
140 871
389 521
269 495
571 879
240 925
792 772
23 468
135 766
503 748
197 321
36 833
202 41
645 489
829 156
483 854
616 599
374 379
446 852
657 11
162 939
415 303
608 583
731 739
787 632
827 935
519 933
466 501
377 182
838 101
469 654
184 786
826 661
367 397
400 794
261 855
617 569
923 406
562 234
840 280
913 604
515 288
424 378
888 4
154 840
410 510
608 899
992 34
690 665
193 919
915 516
491 662
58 142
314 372
465 128
194 990
926 23
929 273
416 460
767 763
656 263
194 881
971 523
493 195
42 301
117 887
808 765
411 752
854 324
879 333
397 573
843 725
692 128
612 414
189 443
742 521
377 587
928 309
420 753
937 425
39 345
575 123
759 462
905 75
963 733
782 259
260 847
751 666
991 139
954 17
728 465
323 745
700 527
286 971
261 471
226 117
130 658
100 526
430 379
378 936
255 482
905 519
4 176
925 988
31 541
882 498
478 278
64 102
407 782
895 163
308 881
681 505
330 233
22 163
353 88
260 764
944 613
492 667
766 724
69 140
179 964
399 831
956 148
371 364
889 239
357 897
49 464
512 1000
727 773
841 76
326 900
440 819
300 231
980 385
548 77
220 14
884 37
35 514
439 861
958 759
957 768
651 221
817 181
12 401
106 308
289 892
101 255
983 241
590 13
537 135
920 57
686 544
559 786
964 194
480 977
247 299
124 22
272 923
773 373
454 700
212 945
186 544
670 278
484 781
507 228
204 188
598 536
360 76
477 629
901 243
388 474
389 943
653 594
726 904
236 252
809 876
376 386
331 144
296 921
577 216
320 175
943 505
321 922
213 156
109 709
530 543
202 455
585 234
390 583
395 524
412 742
655 346
217 330
184 637
882 620
745 904
227 673
448 178
446 925
932 540
819 466
337 684
865 144
791 136
206 408
712 573
415 116
174 100
573 304
608 256
232 642
840 449
859 559
6 994
44 305
335 850
27 517
802 901
822 320
624 455
333 669
223 989
222 672
764 727
712 874
824 804
646 685
774 374
498 351
119 653
489 416
309 341
737 114
506 933
732 411
860 320
664 235
994 846
149 365
926 111
129 344
10 818
43 55
760 707
124 58
864 609
208 5
665 932
688 319
817 782
192 521
959 195
982 32
584 719
549 579
255 614
381 679
189 340
911 925
660 659
735 185
545 853
375 318
473 818
791 744
204 902
740 720
890 165
532 316
273 251
899 859
421 387
886 217
562 643
155 251
304 671
914 260
102 475
374 284
34 986
677 35
387 301
981 413
245 621
666 855
456 264
199 560
316 268
317 549
469 858
664 668
495 990
666 54
685 378
318 893
443 916
437 582
767 130
272 377
861 89
664 523
721 558
171 525
91 14
658 709
988 92
99 123
813 103
559 519
203 479
951 482
175 782
567 24
146 852
974 210
133 618
779 40
802 139
652 37
522 282
727 199
915 969
926 75
285 65
252 20
678 536
864 926
646 58
495 368
99 699
461 256
798 897
470 957
760 590
190 81
929 967
52 146
754 478
815 567
963 736
895 741
290 906
735 268
919 597
169 108
777 100
338 850
619 751
226 995
257 667
683 894
795 856
189 233
501 311
84 257
967 62
329 510
403 567
501 216
88 115
252 958
808 364
40 246
661 956
323 77
259 20
316 67
444 8
815 107
908 959
141 40
344 140
383 21
587 2
424 228
211 220
925 536
636 651
921 429
81 696
351 600
555 406
474 793
684 628
794 212
830 654
231 570
857 620
275 857
150 171
776 710
562 235
949 665
288 928
589 642
617 713
233 176
327 874
497 635
388 766
409 369
500 890
994 864
746 245
720 605
59 845
668 981
542 810
409 686
730 522
487 989
395 898
418 672
314 373
668 836
907 488
687 41
949 157
4 588
78 373
232 37
856 235
381 412
73 859
388 818
7 984
564 427
767 511
307 898
218 235
119 185
551 108
458 397
852 733
337 781
365 170
921 513
319 521
485 785
235 706
861 650
443 529
227 422
672 41
984 235
468 964
514 708
809 896
204 974
856 421
514 100
169 453
666 682
919 204
136 709
999 994
130 92
911 536
532 867
386 917
278 175
980 61
966 120
914 479
753 589
116 315
361 692
555 956
516 462
554 537
867 594
428 873
248 226
121 340
528 500
44 471
918 217
810 830
763 882
177 107
220 15
969 75
42 827
663 655
591 643
542 612
357 866
504 298
177 452
175 849
56 755
939 679
793 18
183 961
157 395
86 531
451 114
280 106
279 868
357 68
855 453
103 544
128 46
548 514
846 212
742 22
493 277
4 544
8 547
477 287
959 456
102 619
328 564
555 183
96 284
298 916
228 469
583 605
180 400
511 582
29 181
643 681
916 755
664 332
207 750
7 738
781 523
873 570
565 148
469 377
213 42
621 93
401 80
240 339
354 80
304 869
912 612
577 305
785 615
97 276
583 54
306 94
179 148
972 495
477 903
758 56
544 238
529 126
386 564
571 519
311 256
222 869
45 724
762 166
881 59
977 533
481 174
177 181
840 627
326 854
708 377
317 625
837 106
810 786
45 7
192 453
766 467
383 609
756 205
262 264
375 689
339 391
598 982
125 426
401 948
457 624
20 795
500 690
449 928
512 642
909 640
492 770
517 671
848 774
35 126
926 382
922 533
674 426
471 480
901 641
133 791
797 336
210 394
712 216
660 88
350 642
370 68
206 742
12 875
87 161
143 243
412 375
976 108
433 935
381 565
20 477
833 390
545 10
803 942
294 39
665 913
27 376
160 317
412 438
565 232
804 912
513 581
311 672
203 27
557 884
963 549
32 129
70 713
164 390
716 219
972 301
227 510
653 710
955 340
541 433
355 386
156 849
107 229
507 719
631 913
130 308
439 290
170 533
908 875
670 862
883 757
165 798
278 87
103 896
298 462
568 623
679 608
585 812
658 544
644 595
421 966
903 454
35 92
185 559
135 710
696 521
949 565
822 301
258 724
296 543
999 775
908 318
345 674
72 38
301 931
837 753
567 392
660 286
509 832
845 806
333 18
725 880
195 49
603 348
34 81
343 217
20 44
617 40
781 911
301 581
432 956
752 596
878 193
493 221
846 867
760 736
122 761
48 748
891 592
124 95
414 911
532 803
327 346
367 949
479 175
337 642
322 118
547 531
436 242
302 982
424 538
919 125
156 241
421 243
904 147
373 714
923 358
790 316
258 69
705 985
635 24
283 111
715 160
772 57
957 227
192 931
448 477
800 162
32 796
792 774
316 92
908 952
822 850
144 853
53 811
974 649
118 963
447 779
403 116
473 600
700 425
454 555
407 853
305 951
309 935
808 26
361 360
527 757
804 46
272 215
554 693
693 882
805 828
676 96
804 189
720 816
724 884
653 400
417 424
349 400
384 223
148 296
298 637
101 328
727 388
638 33
698 250
440 742
367 21
508 295
692 645
51 972
948 224
474 461
717 319
383 799
843 857
67 86
162 190
772 955
984 689
974 257
962 473
431 526
821 402
548 638
626 842
544 569
405 500
111 359
540 685
781 661
13 747
199 256
241 10
66 82
100 859
53 365
527 454
342 776
451 117
887 36
714 554
822 367
164 591
317 739
991 26
269 549
867 8
869 634
806 101
187 535
153 619
942 677
471 952
598 283
714 47
529 256
752 215
143 540
700 367
350 778
386 995
539 171
467 519
302 183
486 688
127 166
313 946
894 8
417 776
219 644
311 172
334 759
351 703
500 155
124 799
140 20
343 639
54 758
442 284
280 687
761 58
335 203
12 222
73 472
47 213
64 693
418 884
534 46
591 43
232 962
831 760
67 647
448 643
54 899
607 829
591 216
685 99
858 553
766 150
681 964
632 902
931 268
205 15
177 566
417 7
39 136
189 763
122 718
85 570
926 128
381 447
739 597
332 229
8 691
545 508
583 604
341 785
968 997
398 123
728 271
721 364
424 422
706 216
568 169
786 160
894 833
695 756
843 712
389 941
599 500
843 942
290 802
882 648
846 562
100 605
943 507
160 282
847 607
153 583
615 531
27 42
875 366
342 609
454 111
202 28
916 816
294 708
408 691
356 773
605 394
711 862
92 739
718 859
409 476
482 186
412 902
235 237
996 1000
923 306
346 202
965 915
700 192
538 231
483 900
373 280
189 460
966 263
842 305
185 530
628 354
311 86
295 621
478 701
335 974
927 120
813 544
289 572
296 548
395 424
436 564
291 363
701 778
707 915
375 545
67 496
102 647
862 865
242 854
684 385
10 80
963 202
447 485
506 931
214 464
566 101
988 783
293 975
261 353
884 400
926 109
158 251
648 673
383 464
869 109
410 1000
323 329
678 589
994 942
460 86
189 624
116 656
320 705
621 653
678 732
365 79
795 426
96 844
617 510
362 368
53 274
19 158
533 695
694 517
97 755
683 788
61 920
796 45
501 337
229 706
285 592
843 74
881 147
972 302
133 396
173 719
8 648
890 18
504 969
502 212
130 309
923 240
502 327
253 579
365 693
98 336
190 181
585 834
398 685
849 853
297 574
961 583
488 763
378 563
162 612
179 574
552 36
366 764
573 338
151 346
338 101
836 996
366 624
306 391
482 527
262 346
980 443
325 266
387 758
348 189
319 492
747 481
451 188
920 341
152 255
278 515
889 624
410 699
341 661
234 327
882 475
989 469
537 204
918 595
120 418
38 558
831 359
502 571
584 416
638 887
416 274
327 708
937 656
369 470
744 166
284 281
600 906
91 769
955 696
540 586
858 37
75 277
772 373
288 58
899 522
223 58
282 520
464 667
890 518
138 724
692 83
605 782
127 478
748 584
327 8
902 530
916 691
835 589
783 309
696 133
147 719
424 456
743 529
467 362
175 37
415 522
342 574
112 75
905 488
969 701
454 439
292 470
754 617
701 110
615 680
913 934
308 920
274 434
23 183
61 352
300 984
600 238
175 488
857 705
931 838
509 334
221 122
585 207
343 715
823 349
550 575
615 31
512 958
324 244
277 796
552 431
789 334
784 194
54 932
275 569
499 23
615 253
21 713
417 150
276 85
152 219
189 933
855 291
604 225
146 969
589 371
556 124
548 488
869 84
543 279
394 282
569 360
516 154
56 789
788 206
38 933
590 214
673 154
433 925
855 246
214 250
587 636
324 622
271 97
788 189
316 590
65 842
577 159
838 847
440 146
869 647
814 714
476 827
445 240
319 523
950 891
478 104
460 467
475 67
526 186
861 569
572 460
809 902
919 345
316 242
568 347
416 728
610 234
887 762
669 547
672 265
986 729
75 970
59 449
283 430
357 107
321 590
505 409
754 796
206 387
447 959
412 978
89 587
953 798
725 240
554 519
918 108
595 465
213 682
914 767
475 479
993 158
651 496
64 694
232 568
34 942
267 491
920 495
392 776
158 851
685 861
704 501
546 488
483 477
538 405
627 239
393 819
693 408
72 462
751 150
534 760
811 805
445 767
707 212
626 796
347 197
4 546
99 612
542 38
842 944
717 4
688 278
578 375
446 106
798 991
342 421
696 769
702 315
616 56
778 363
82 908
87 509
740 473
502 956
622 989
753 82
937 283
424 354
429 751
268 563
948 189
535 623
493 744
189 47
529 338
251 474
791 822
64 167
567 687
605 536
808 61
29 847
999 768
843 284
974 710
459 535
443 906
897 675
279 224
321 554
474 812
623 945
537 522
723 819
706 959
230 289
323 577
892 918
168 306
315 37
944 659
525 426
842 318
36 201
910 668
650 589
227 894
28 885
82 945
920 459
563 617
215 298
515 394
25 154
413 771
661 45
77 150
793 157
956 348
284 528
280 741
508 246
256 241
846 154
962 495
112 846
36 732
713 615
197 670
816 872
360 180
838 772
380 286
973 271
533 966
160 234
507 133
825 232
536 885
630 533
248 787
863 774
860 822
421 174
665 768
155 478
981 102
566 704
330 710
833 87
948 256
182 804
888 961
300 727
597 39
230 528
411 150
469 404
809 111
884 565
900 306
739 490
804 342
162 328
662 860
350 280
367 716
230 370
741 617
146 91
182 497
22 110
685 486
978 368
62 895
871 511
936 132
25 427
410 375
395 233
159 80
586 204
110 646
954 360
883 386
421 853
922 202
928 899
157 559
819 638
508 453
70 452
220 497
594 194
867 842
750 577
932 694
419 477
133 599
909 596
906 809
998 179
216 947
694 152
733 958
355 552
877 595
660 143
517 514
829 784
243 351
831 358
320 768
963 54
660 126
403 15
132 439
393 37
214 223
570 879
664 488
977 807
512 172
566 275
23 725
551 69
196 466
592 122
77 766
260 418
522 861
562 623
512 365
649 86
502 996
319 534
892 308
252 731
448 35
674 594
821 993
769 846
991 433
230 941
601 15
363 204
204 564
406 472
101 976
670 809
382 971
438 553
221 343
352 682
867 349
468 240
399 950
454 455
77 88
990 149
813 644
444 361
525 917
819 30
718 515
893 551
107 382
538 220
496 951
760 356
559 710
496 774
263 26
230 203
289 763
751 415
254 221
606 630
534 499
607 731
149 95
759 864
685 125
836 255
512 733
361 25
860 229
133 587
765 160
340 861
159 507
737 455
557 212
102 675
858 373
470 887
129 941
542 203
781 945
752 815
513 967
938 348
99 728
685 705
891 340
623 149
441 845
322 88
712 496
252 281
972 2
510 961
422 346
725 342
121 735
170 407
498 520
407 326
320 296
283 220
123 413
30 955
40 951
611 416
744 863
283 77
985 91
53 619
350 39
939 518
27 64
523 839
70 934
491 127
2 414
511 112
114 986
562 326
320 101
567 763
843 371
921 541
259 130
706 553
266 746
691 135
531 813
952 729
628 618
679 862
67 953
629 529
766 728
589 833
419 89
904 542
904 555
135 781
122 46
402 425
422 462
45 32
546 519
943 635
379 826
89 868
310 396
964 568
633 359
345 879
318 15
864 29
721 644
439 857
172 52
362 838
627 238
868 716
281 468
817 314
211 535
401 751
552 569
293 809
521 526
561 910
691 875
375 786
600 980
414 954
787 316
915 883
121 287
423 184
371 635
688 279
63 401
582 951
971 440
403 436
251 14
858 26
156 45
463 669
228 310
925 376
360 902
986 838
109 245
700 952
937 282
539 506
132 60
438 132
619 680
29 468
160 429
682 494
866 259
957 184
47 867
467 436
549 798
770 605
113 476
954 280
814 402
377 423
697 596
826 944
250 270
329 149
24 837
633 967
321 553
988 423
567 249
572 166
349 123
471 196
45 866
177 170
88 507
432 2
719 166
666 478
799 286
840 453
768 610
723 16
872 950
338 14
413 992
654 678
859 592
179 706
868 306
25 232
686 641
713 187
607 787
646 673
439 957
371 27
614 117
968 71
767 601
346 295
367 79
519 450
560 177
360 407
163 948
70 809
539 376
208 219
582 499
955 545
298 996
869 107
835 23
51 548
696 687
752 368
85 776
904 412
408 262
1000 101
479 734
952 786
693 14
821 121
159 870
915 252
318 221
636 72
543 524
288 16
164 675
203 143
134 663
262 516
583 864
895 594
930 562
255 755
492 231
712 3
593 660
151 788
834 150
47 231
71 29
75 38
705 99
952 988
736 775
937 16
745 991
711 16
84 207
277 759
663 159
938 650
758 27
960 462
300 615
211 196
487 19
783 614
258 111
135 761
136 623
247 691
657 435
896 789
734 163
187 428
614 469
656 245
642 904
572 57
365 981
558 252
656 4
896 563
20 747
439 227
280 792
461 134
385 163
538 923
22 312
429 346
180 608
474 325
96 625
335 343
210 331
48 50
835 787
766 172
513 216
54 248
673 914
46 908
158 74
531 556
756 369
43 134
799 551
546 243
678 540
626 805
55 631
829 896
964 405
109 266
60 818
834 937
467 816
857 504
143 65
990 572
225 835
846 512
43 821
800 872
543 992
240 293
347 603
421 240
683 229
887 93
873 759
178 999
804 951
349 671
772 405
578 68
528 945
47 251
951 849
19 410
666 547
361 785
213 848
398 962
112 77
57 122
117 500
355 419
268 474
531 420
757 772
259 169
409 340
562 306
636 647
232 239
26 751
33 848
932 128
225 956
758 150
761 178
465 541
32 620
953 768
314 846
952 685
24 556
922 13
831 999
766 268
382 53
755 623
607 548
314 829
649 719
913 599
954 269
665 214
331 966
745 384
162 360
146 805
552 288
606 631
793 58
410 618
802 824
456 228
257 501
613 490
885 597
408 71
483 829
632 236
634 838
11 307
731 224
536 498
385 474
828 874
81 427
869 82
360 126
677 879
275 503
116 603
191 139
503 101
927 519
270 318
164 773
472 886
273 891
185 343
674 903
470 692
32 494
450 821
386 610
131 498
593 323
970 447
43 575
652 743
374 15
526 184
840 927
485 878
524 910
183 559
114 584
156 869
468 55
344 253
278 304
320 102
692 966
714 154
351 64
509 511
92 649
753 577
37 280
719 348
97 229
315 170
923 299
291 133
990 257
594 206
79 34
905 885
11 770
253 875
457 894
84 699
363 382
862 622
923 742
543 177
176 929
698 823
425 12
759 839
817 168
379 539
634 600
343 444
863 805
3 725
150 516
389 308
872 648
120 365
319 183
301 1000
271 816
823 871
717 288
537 138
188 725
544 890
567 354
608 369
76 319
646 119
243 53
655 975
307 629
180 493
254 698
366 464
886 667
65 955
686 775
449 260
221 824
682 826
77 820
61 687
392 164
781 694
414 597
541 22
144 990
311 856
991 234
132 61
759 94
873 719
509 842
142 242
293 78
9 671
230 923
373 986
88 896
662 596
867 182
874 646
321 782
326 25
916 819
158 116
978 616
100 702
265 967
801 757
71 495
132 650
663 235
942 422
563 943
984 408
624 143
226 487
64 502
62 833
600 168
415 115
552 75
326 842
512 969
219 899
571 342
802 30
685 162
162 289
552 361
702 959
296 551
98 911
689 48
598 960
436 567
241 681
777 725
319 346
929 498
747 407
231 574
72 413
814 523
747 548
949 864
767 553
823 843
989 639
4 625
557 283
885 702
686 577
263 400
70 126
509 306
422 307
557 428
171 113
683 766
66 329
985 677
614 678
604 969
454 736
30 504
458 751
350 529
316 641
298 116
6 333
820 785
199 308
882 118
891 140
263 711
692 459
623 317
626 115
717 776
611 285
482 475
299 755
872 496
778 623
943 299
200 488
18 936
327 182
900 30
539 374
891 859
840 983
235 799
979 492
504 972
106 512
2 327
224 475
687 20
870 911
969 279
786 327
132 935
563 981
775 614
654 502
748 501
837 222
549 228
608 544
585 781
280 635
995 596
130 15
909 796
417 678
455 854
409 10
48 577
174 266
909 877
714 263
419 225
976 738
337 280
708 313
358 502
965 150
159 227
181 423
805 573
827 93
174 484
547 74
253 117
110 486
610 655
572 655
556 260
594 83
243 3
280 55
871 957
897 184
459 185
704 686
676 524
290 451
845 179
544 930
122 658
525 993
876 395
916 482
849 65
522 121
82 560
102 567
570 912
39 443
91 770
294 357
960 833
688 464
375 74
13 707
512 174
260 428
288 61
252 358
358 56
95 1000
235 459
743 812
235 565
936 592
658 410
531 88
79 612
888 1000
355 196
728 362
126 641
147 720
494 761
740 753
906 757
653 742
431 136
291 573
661 967
526 800
136 302
781 130
531 423
880 67
177 439
918 357
23 67
289 396
788 849
408 541
463 57
508 662
936 211
790 146
25 276
889 213
214 992
801 927
896 609
272 203
679 922
477 286
465 318
158 747
395 23
715 974
55 97
154 850
138 383
395 100
215 383
663 727
975 289
542 924
779 506
484 332
323 966
612 576
297 987
720 481
771 767
132 631
573 823
25 961
90 793
596 630
860 261
77 45
389 497
561 864
835 65
183 366
358 990
418 387
592 826
241 300
403 556
78 489
582 841
397 567
329 833
377 589
750 14
80 140
298 753
472 230
643 705
412 506
964 831
933 776
476 677
138 70
736 790
526 185
674 628
382 523
225 618
41 17
919 346
300 746
61 78
75 164
688 824
414 171
198 233
435 297
679 634
882 578
395 631
396 132
117 120
451 684
378 660
714 234
718 754
277 488
706 598
305 983
35 314
219 521
496 582
960 213
905 884
304 265
966 287
680 180
292 826
278 893
77 374
917 410
665 177
444 732
410 476
140 709
687 451
884 82
868 639
480 296
157 390
175 973
894 431
815 879
318 747
375 974
267 859
931 304
490 283
272 755
537 137
243 360
391 762
431 953
413 94
307 711
90 253
162 222
276 842
87 152
349 196
972 834
178 763
693 40
781 862
790 978
77 819
425 274
123 93
565 110
950 568
293 363
78 743
188 429
137 247
66 183
393 349
584 552
786 156
165 289
721 497
99 37
910 69
686 716
839 993
476 649
829 395
213 166
251 479
620 158
987 940
416 743
164 333
990 49
623 200
835 804
570 877
692 987
587 135
992 565
705 453
114 847
961 974
67 811
503 835
336 824
740 894
780 405
207 908
163 493
495 960
718 536
580 634
283 516
729 628
731 511
942 63
679 930
11 958
712 588
895 304
578 365
21 233
847 189
936 175
874 125
844 776
181 499
981 848
684 269
945 798
33 676
16 566
37 960
370 159
928 695
814 80
216 841
327 591
538 726
685 869
742 798
649 459
416 266
163 519
369 302
152 308
765 328
750 484
616 924
224 91
81 259
526 565
657 698
565 977
789 537
21 911
812 654
561 650
964 593
473 26
62 196
399 753
291 472
829 318
901 209
194 375
477 708
994 494
431 247
671 777
329 341
476 540
682 339
791 855
155 241
729 148
754 577
3 37
167 490
429 771
340 418
770 445
295 862
904 647
429 148
215 361
585 838
583 311
309 846
349 93
727 808
712 607
839 606
438 797
455 849
918 43
561 302
500 78
802 560
579 961
107 292
14 880
805 939
612 847
620 990
641 359
36 383
718 375
470 908
847 985
254 823
404 106
16 530
346 548
772 829
889 741
764 983
820 545
488 202
159 401
362 559
450 449
974 302
669 324
564 558
391 706
450 439
440 412
21 705
760 741
357 377
802 470
161 454
769 647
627 375
167 232
629 988
946 813
657 678
786 962
350 925
929 352
90 326
109 42
810 95
739 847
702 65
448 308
610 992
833 20
920 240
880 501
592 558
791 891
944 786
361 928
987 916
235 907
473 562
240 995
633 780
734 242
516 321
520 772
745 731
136 525
199 141
908 155
514 318
130 55
519 563
331 666
39 914
562 18
837 156
341 533
220 178
240 592
84 673
654 749
567 852
793 911
628 985
858 687
529 901
128 826
37 678
96 238
867 875
870 62
447 347
489 465
515 455
257 459
16 755
483 527
638 949
819 893
803 320
128 88
242 922
797 354
379 351
472 683
543 237
54 373
793 459
320 879
963 23
143 129
716 709
536 99
954 830
574 767
316 731
333 275
315 776
320 670
664 100
74 901
163 684
812 711
928 332
74 532
825 180
909 121
536 769
26 851
722 724
561 722
343 925
17 380
753 170
773 77
61 875
764 173
283 209
160 388
89 98
182 961
193 204
674 629
566 655
611 873
298 385
317 163
528 558
856 427
406 507
725 151
69 339
568 718
752 91
571 753
143 904
476 379
149 587
575 949
874 578
467 104
197 447
628 629
993 432
760 572
558 856
213 717
139 506
14 526
219 520
475 418
470 126
899 452
758 867
211 476
309 567
280 803
101 513
818 287
842 361
326 526
756 247
704 346
245 630
339 497
784 290
90 553
953 621
951 142
521 849
775 988
231 532
90 984
147 639
368 778
371 945
873 937
985 941
965 399
85 210
113 730
386 722
132 596
261 264
669 411
82 727
567 380
953 184
717 431
721 52
371 719
65 520
871 682
765 419
233 722
380 135
971 556
589 117
57 820
941 952
322 8
17 574
682 824
989 940
612 441
192 548
165 351
419 931
829 680
851 932
449 36
752 443
904 80
750 920
187 985
369 990
423 761
418 598
843 50
93 399
916 846
6 154
978 983
788 12
248 584
106 554
164 334
19 581
330 287
300 638
292 946
524 40
487 232
640 823
398 555
827 631
511 230
404 684
867 406
482 1000
840 746
171 888
117 204
282 435
196 204
969 91
516 424
225 187
443 108
889 140
306 412
220 122
955 9
211 361
968 364
440 581
238 712
747 504
150 398
534 446
578 870
872 599
390 102
233 3
551 537
646 823
333 104
466 907
177 708
453 671
241 393
59 760
681 905
859 17
586 763
73 900
954 775
441 936
258 782
600 530
357 324
621 759
33 118
462 897
655 850
310 757
630 766
958 161
246 759
782 339
587 649
683 250
227 6
800 958
963 666
234 962
75 74
437 623
248 646
377 358
986 968
68 576
553 436
596 510
482 170
209 930
629 370
991 865
792 863
903 649
487 12
236 268
754 721
3 181
563 909
589 949
732 960
992 833
793 656
279 369
176 702
688 927
149 869
808 265
236 577
475 283
516 531
656 406
824 856
418 953
65 269
295 95
618 200
343 497
274 566
873 414
590 261
34 938
498 461
68 975
648 755
152 482
171 462
744 374
945 539
285 90
547 827
949 243
933 734
769 277
977 138
264 843
176 439
234 757
271 8
683 56
359 835
941 543
786 963
535 860
114 494
616 116
322 227
346 749
75 409
807 936
169 876
540 869
913 349
986 829
550 138
626 484
934 53
357 749
481 797
484 546
855 557
259 396
652 589
799 782
175 32
51 110
678 185
478 147
302 157
143 882
495 692
810 400
813 623
870 608
463 138
66 672
503 661
805 155
644 799
495 549
374 738
515 10
199 525
529 152
714 470
736 354
720 935
610 263
300 930
187 58
121 306
145 663
180 801
948 971
36 269
20 650
96 112
6 941
82 63
893 773
127 605
771 963
668 957
727 386
394 82
547 104
608 10
330 460
239 638
774 671
383 773
24 26
133 728
97 401
190 395
617 125
12 715
994 881
573 934
206 689
353 147
543 274
154 200
485 326
878 231
262 601
394 446
740 204
372 712
485 471
547 676
198 656
894 589
608 438
592 971
341 176
741 230
88 538
419 939
660 892
720 47
683 181
665 930
836 969
961 267
337 625
303 300
621 481
948 55
838 909
164 742
131 503
648 811
665 851
661 621
672 177
750 787
51 172
436 498
679 278
666 915
445 124
454 970
821 961
435 186
238 557
866 234
169 106
614 852
705 40
122 74
412 666
236 438
916 794
316 126
286 834
692 961
715 416
239 870
776 316
537 471
636 678
782 758
142 50
764 699
990 373
175 395
272 154
419 93
439 6
450 677
596 123
174 209
491 959
3 626
903 260
121 462
878 285
766 446
604 269
141 521
571 188
441 471
153 459
429 270
915 699
954 159
1000 646
335 612
364 56
710 560
768 855
570 495
682 341
968 190
769 435
6 58
544 893
925 692
663 840
581 591
432 634
87 154
524 330
645 775
475 700
521 492
960 796
777 756
419 981
901 473
707 390
601 911
490 822
772 330
848 208
941 857
726 17
584 554
117 294
37 127
835 635
806 40
554 17
352 921
523 790
322 461
584 776
787 877
203 338
443 675
596 475
887 292
348 764
138 108
705 165
710 182
30 22
273 305
936 399
791 19
631 720
120 754
395 994
357 781
690 70
331 724
850 444
176 659
432 365
236 719
864 352
607 488
295 666
410 284
374 581
729 634
287 54
241 844
646 972
167 604
757 396
245 728
157 582
954 192
347 149
866 532
405 136
922 354
872 969
138 309
767 269
659 877
515 497
186 25
281 267
620 666
289 784
401 830
418 116
864 172
955 327
918 585
285 452
531 532
882 256
622 549
172 826
210 389
907 297
216 762
897 371
826 331
241 281
937 383
722 488
81 496
172 969
311 278
637 155
787 348
381 605
788 131
55 924
294 380
721 160
168 938
837 858
397 637
34 665
373 590
389 233
282 8
948 536
863 367
921 425
43 858
193 627
528 826
527 4
467 12
469 204
381 784
709 774
817 960
397 432
71 25
181 617
700 719
222 415
498 735
725 108
563 321
257 662
496 452
23 459
61 116
689 683
743 632
834 436
378 1000
911 552
145 441
273 140
215 779
19 608
386 933
425 857
173 491
375 472
880 169
739 382
596 221
248 323
448 773
984 375
143 880
658 981
727 799
222 987
334 305
652 238
746 721
486 92
396 428
658 539
876 385
148 573
809 413
560 533
338 95
656 120
710 975
913 623
666 161
926 759
983 994
915 642
685 20
667 521
851 340
194 721
709 158
413 881
6 824
720 617
148 130
167 678
349 543
13 412
655 765
695 204
155 855
822 719
841 584
59 519
498 93
983 38
472 576
626 801
309 83
402 791
367 845
775 346
582 864
878 187
773 181
798 792
394 578
244 19
312 967
441 677
868 196
337 532
126 938
252 353
240 345
151 967
891 26
194 294
341 53
772 401
852 935
918 886
711 156
103 670
700 723
527 284
66 927
692 895
672 483
946 139
710 367
22 813
35 63
652 428
468 253
153 231
952 706
719 324
260 513
937 369
801 803
896 757
491 837
728 421
558 173
693 970
801 924
831 515
868 92
188 978
318 594
470 716
721 679
54 783
71 871
292 912
577 998
377 795
569 950
951 164
275 575
767 201
189 925
599 726
285 362
146 944
699 164
578 943
794 656
888 235
872 656
897 57
68 925
396 916
368 895
388 516
635 659
998 291
525 945
86 745
582 674
287 824
578 625
560 460
355 728
437 141
817 499
52 344
255 883
4 731
924 916
670 144
88 620
146 372
309 216
481 899
43 900
601 946
80 594
568 749
55 885
556 702
35 624
229 546
217 42
768 470
402 172
174 568
411 902
820 490
757 593
403 746
888 800
227 430
766 192
545 789
52 771
473 882
862 244
937 195
666 515
393 816
981 159
430 384
708 140
530 82
783 388
752 206
402 481
22 862
792 873
373 953
892 682
472 293
934 899
197 534
709 319
726 545
412 953
876 246
145 274
754 790
150 109
671 709
875 54
417 754
1 499
112 474
3 285
832 995
889 246
562 52
671 874
664 350
533 917
681 642
884 959
667 979
899 235
896 937
876 555
35 29
185 616
183 141
422 847
975 401
63 587
814 785
485 235
292 539
336 667
12 394
396 553
716 950
440 649
976 971
423 448
615 364
788 375
676 752
436 893
972 671
699 817
721 921
974 501
103 715
34 544
616 578
234 552
732 319
55 522
702 451
404 258
685 655
281 761
889 925
414 959
648 539
811 57
650 201
809 250
584 333
118 829
994 628
21 616
878 216
333 646
372 860
375 15
947 694
321 605
161 381
803 954
53 263
238 893
501 469
851 934
449 58
514 926
421 180
26 548
516 277
9 818
378 243
566 766
825 432
520 386
593 572
723 765
960 729
602 258
855 724
83 416
515 649
368 148
213 788
35 620
456 567
255 393
292 389
316 3
808 187
908 206
748 397
747 746
308 862
637 899
448 937
585 824
685 269
110 876
317 649
525 420
908 44
755 761
974 789
421 955
28 883
214 670
286 379
861 509
457 487
741 647
957 970
799 59
124 655
362 788
149 146
106 273
948 807
647 4
154 683
980 755
414 249
114 151
725 981
724 760
376 614
90 220
574 979
369 291
975 937
635 968
427 143
985 681
837 968
471 543
125 998
309 239
60 811
427 284
747 983
199 304
223 190
804 777
218 346
937 488
778 664
913 375
74 701
686 998
538 436
921 924
739 165
18 932
442 808
60 367
220 190
374 75
530 11
731 651
260 776
65 368
213 808
549 910
515 882
773 566
601 471
702 946
307 348
143 962
292 8
165 774
169 323
723 868
904 650
210 881
439 472
706 925
282 260
560 892
941 755
968 394
589 614
405 171
686 276
245 556
854 906
581 962
675 5
414 59
30 235
215 181
163 599
96 402
318 305
512 388
566 203
350 614
21 718
996 188
712 331
911 181
983 836
240 459
852 706
906 486
856 517
433 852
969 874
863 322
369 186
152 928
688 562
541 461
551 417
645 172
890 351
230 980
925 684
642 993
325 992
515 688
294 805
867 101
347 542
49 998
665 136
937 29
515 705
131 200
134 973
50 392
198 16
102 742
364 296
993 312
886 429
641 814
362 281
778 887
940 624
559 494
905 755
362 168
144 107
642 486
382 175
913 818
582 84
415 55
246 236
844 855
372 112
559 716
410 341
140 846
894 213
658 655
932 498
516 199
104 541
90 592
841 952
646 723
918 788
996 540
524 187
699 117
302 215
512 723
668 814
929 446
488 154
90 882
487 980
509 892
292 710
39 624
850 856
544 851
318 322
500 609
267 896
668 717
289 72
141 935
848 313
77 41
684 215
958 946
940 361
635 515
337 964
967 576
829 959
243 430
268 849
267 622
786 914
289 170
367 977
850 525
137 78
289 283
454 959
467 923
591 806
502 939
86 170
200 825
116 580
792 477
612 230
482 415
84 447
123 403
35 789
511 792
9 870
430 278
895 998
786 86
255 263
240 36
832 312
540 105
464 924
528 545
51 76
184 619
666 691
355 450
524 946
714 328
487 193
735 755
784 857
487 86
844 917
176 657
70 770
426 990
406 216
49 381
158 553
175 405
692 737
969 444
533 547
111 523
737 968
431 685
583 31
885 240
158 431
27 642
690 510
927 511
123 829
253 870
318 107
608 859
438 216
386 319
656 65
71 842
93 782
205 340
352 136
405 114
957 933
746 968
107 638
589 558
498 305
79 508
600 525
140 592
441 183
645 752
375 970
582 636
414 130
309 488
148 42
132 599
389 320
157 164
972 57
851 730
837 979
217 762
803 607
373 463
518 54
123 224
167 173
61 682
209 511
372 861
35 979
731 286
345 207
751 851
717 799
898 923
721 356
912 703
131 469
77 529
293 73
22 537
600 455
874 880
951 7
880 417
737 552
353 295
406 299
616 157
389 695
143 632
365 568
188 87
575 581
724 385
355 510
838 505
749 722
790 380
828 167
554 114
830 621
836 746
412 926
452 723
97 741
951 299
2 158
170 856
580 727
562 70
871 464
590 520
917 728
990 486
573 326
10 516
173 56
949 610
343 648
418 801
590 699
239 459
167 606
404 892
816 340
180 795
896 476
783 972
127 646
186 126
23 696
353 425
784 400
332 972
741 376
778 242
360 413
465 461
609 734
223 522
291 680
559 824
341 987
513 912
822 154
254 584
384 812
973 38
955 551
370 125
479 813
708 789
945 589
556 865
705 569
850 578
798 802
188 666
759 283
941 810
472 819
34 518
904 224
502 915
152 859
339 562
771 678
530 249
911 788
296 287
23 340
652 676
174 736
268 349
251 511
839 22
17 91
456 965
187 599
481 374
923 91
784 643
801 571
164 365
628 906
477 994
406 422
211 202
16 428
291 866
80 803
706 619
157 917
672 679
218 945
24 982
386 197
171 857
705 417
432 267
658 537
642 434
438 785
849 734
991 943
28 533
483 936
500 74
819 726
859 517
55 24
280 798
98 573
779 324
817 9
675 439
548 143
127 698
24 355
335 937
50 984
988 965
647 218
775 33
119 619
745 200
447 432
530 996
50 666
679 562
394 334
263 354
780 584
341 526
254 533
377 861
76 493
95 531
974 306
974 280
47 732
963 63
690 861
233 798
17 985
60 857
930 287
604 938
391 510
366 397
383 101
523 404
450 952
380 313
130 826
898 976
377 549
229 524
186 849
173 777
503 338
173 666
715 91
915 365
740 766
317 155
264 281
213 858
605 552
697 549
256 941
957 107
136 723
106 609
396 157
974 582
829 145
425 699
889 510
284 331
818 898
822 986
658 859
788 862
454 336
737 818
196 741
386 54
830 549
227 624
637 985
107 486
605 351
59 155
791 202
233 412
14 929
538 39
889 841
248 63
525 491
310 531
822 663
714 292
220 61
258 286
926 721
799 109
267 84
548 163
591 207
428 225
68 8
974 408
966 609
42 623
831 429
979 662
894 263
129 821
572 543
205 98
997 6
746 262
488 42
15 289
54 329
215 658
3 925
208 153
485 323
450 971
302 806
284 373
273 748
535 780
935 54
939 179
996 32
100 253
711 463
656 863
937 406
740 45
627 629
332 303
156 60
711 237
696 58
657 513
181 574
40 958
499 835
943 494
178 788
415 577
363 272
313 735
498 741
66 993
965 755
143 615
916 805
387 433
575 544
444 38
635 285
69 351
23 98
540 264
796 930
301 380
749 638
326 209
585 770
804 484
932 49
827 845
272 300
845 673
629 250
845 1000
277 806
970 686
845 562
239 295
996 674
998 16
525 352
678 1000
512 513
449 178
414 481
327 832
534 406
524 344
319 300
819 812
34 204
360 818
377 266
263 277
46 607
30 32
48 806
215 124
238 455
341 966
210 378
287 544
458 866
954 879
428 197
86 70
746 397
531 731
897 389
863 598
699 529
276 966
260 323
189 611
426 87
160 855
878 113
442 726
203 779
740 114
523 476
925 448
630 513
668 358
964 902
617 410
104 355
860 810
666 835
919 407
977 514
762 744
781 402
645 227
431 222
397 787
222 49
814 405
550 108
654 194
514 593
692 803
870 604
627 201
875 246
862 824
469 617
209 931
992 970
791 44
80 824
689 622
763 605
451 655
574 489
202 487
865 173
315 204
577 273
10 690
857 513
790 95
353 994
358 125
875 933
755 763
718 493
296 670
845 128
712 774
486 145
604 492
129 34
2 848
318 942
618 208
600 635
898 278
112 821
97 999
780 982
404 765
487 910
866 401
163 812
957 926
337 97
444 963
393 855
768 933
630 929
906 31
621 610
789 834
938 396
877 389
977 162
912 885
603 104
507 447
950 767
347 342
740 135
632 520
282 58
3 178
293 697
114 454
338 978
1000 507
393 275
105 537
839 354
790 866
226 895
243 647
514 864
53 394
437 619
422 241
174 630
964 780
682 461
352 952
919 296
858 172
482 55
583 127
457 275
882 564
540 82
562 694
174 848
344 187
423 177
992 615
274 730
871 273
965 860
785 238
59 379
623 876
681 429
97 182
938 516
406 22
279 284
904 396
505 345
568 633
273 419
26 109
818 193
585 218
642 435
278 847
779 758
151 524
712 723
766 362
396 318
549 448
272 372
291 464
954 368
48 203
588 276
656 394
715 937
510 311
225 421
120 205
374 838
766 68
912 972
384 124
607 892
99 889
851 454
266 112
655 766
620 761
931 382
239 61
612 569
59 683
172 138
758 973
932 924
845 173
422 710
872 773
669 351
356 78
907 342
157 107
488 94
719 99
593 45
460 28
977 142
122 527
821 53
159 690
177 37
881 362
720 168
919 648
808 795
118 482
268 909
950 997
498 980
331 119
100 824
908 765
657 955
786 225
649 175
687 867
28 188
122 195
213 232
506 98
605 694
588 932
551 304
493 680
496 404
27 124
321 863
947 63
622 767
240 905
203 287
866 181
389 654
788 725
909 455
70 973
130 494
97 865
687 54
45 65
785 567
588 537
792 570
760 398
724 41
610 400
774 745
831 1000
46 388
619 66
267 361
966 309
549 275
680 222
275 866
936 872
991 898
831 889
153 66
462 244
819 565
842 382
720 810
884 981
757 321
150 273
712 862
361 112
324 12
751 423
827 127
132 863
119 729
814 875
379 628
989 415
393 798
584 231
894 404
270 628
551 989
238 296
992 284
635 660
341 545
397 847
489 758
551 263
367 253
993 678
765 410
677 872
698 341
362 974
350 576
573 673
850 632
800 685
104 106
143 61
914 961
419 829
777 211
817 722
218 353
701 145
972 58
699 722
556 697
149 212
887 137
696 76
221 975
937 294
275 728
503 305
565 310
92 860
452 286
155 414
361 869
527 238
341 327
472 10
593 614
210 617
710 319
159 495
622 667
535 288
80 718
534 1
840 868
508 978
952 626
629 310
791 11
60 119
482 961
587 851
766 625
715 309
678 443
352 709
243 150
639 82
589 889
127 910
924 717
724 188
942 111
977 444
693 811
964 50
894 374
1 353
66 539
675 481
664 590
516 727
920 504
775 842
928 963
211 705
997 44
732 101
237 705
833 986
34 205
822 402
175 330
438 363
940 41
246 897
337 4
263 276
287 658
624 54
293 977
275 314
508 111
152 431
707 223
120 483
371 559
825 904
863 960
190 314
907 670
690 866
640 51
971 547
147 229
170 206
704 906
891 264
692 335
670 918
177 782
19 31
57 208
920 850
777 207
190 20
216 431
677 622
180 10
588 191
42 23
504 148
725 370
82 788
982 387
677 511
824 29
143 311
866 424
316 841
463 522
873 688
471 891
365 276
592 344
244 667
118 244
230 914
1000 717
325 934
922 311
240 66
863 186
386 810
796 225
912 494
415 693
93 315
57 765
666 661
49 701
947 228
624 55
967 281
535 437
739 326
98 322
982 958
948 762
295 769
562 68
158 523
615 969
525 417
177 51
750 848
762 510
609 385
619 296
103 411
620 519
752 740
880 732
148 234
666 957
849 291
958 671
702 301
425 130
962 706
820 676
57 304
555 593
936 749
586 661
717 509
793 277
432 511
626 825
826 343
646 74
545 293
375 206
232 104
517 823
954 755
5 227
43 944
725 564
462 906
818 329
711 513
273 683
492 313
240 418
185 295
354 438
963 752
949 301
332 481
647 602
890 471
998 810
454 788
113 150
956 718
4 67
316 877
498 584
65 43
174 631
252 575
290 860
208 432
77 588
820 348
752 186
682 349
789 355
852 877
835 889
269 67
598 22
467 182
550 303
317 968
784 931
240 731
828 52
237 752
62 868
158 615
895 508
644 582
222 622
704 249
337 384
562 251
140 933
569 813
310 477
42 855
816 370
33 632
766 506
380 657
72 194
1 218
96 216
850 81
195 971
157 471
49 246
917 77
242 737
82 374
615 288
627 174
849 152
906 929
599 812
917 42
86 705
803 315
331 187
733 550
168 994
557 376
474 341
436 935
953 251
186 650
840 20
941 618
377 969
581 515
658 437
933 682
328 631
702 361
892 111
506 286
98 963
499 186
284 49
936 519
895 745
364 871
271 309
311 872
459 61
925 700
578 45
570 398
528 794
48 852
808 570
269 570
386 752
133 325
502 108
468 948
179 59
786 113
400 316
471 803
682 430
39 543
959 606
193 363
70 947
697 555
348 561
822 809
566 967
701 249
343 16
80 882
304 518
654 298
35 438
733 307
805 134
993 430
322 589
746 686
763 516
675 742
182 426
357 912
624 349
555 989
867 691
514 894
92 114
811 644
443 280
410 451
818 452
712 863
356 822
287 923
181 388
367 425
617 838
641 502
309 352
438 396
519 493
668 809
835 830
817 277
211 514
984 770
366 226
132 638
719 730
146 590
846 219
68 703
52 292
86 840
115 980
96 544
81 316
100 104
651 872
251 908
342 37
713 695
925 167
830 478
263 448
726 159
178 673
256 591
208 840
542 381
184 161
442 909
173 875
763 119
674 540
861 670
697 806
237 356
645 141
848 791
535 690
387 34
834 329
106 560
322 533
572 437
990 92
795 94
64 196
874 573
980 179
173 303
785 181
714 21
842 46
952 738
572 155
311 161
168 177
150 97
758 202
780 488
378 526
369 85
490 451
83 47
232 659
339 153
515 250
2 987
595 72
816 427
524 116
688 343
766 419
15 835
215 727
349 673
810 949
229 347
215 280
326 659
58 85
572 34
409 95
160 685
712 970
430 653
33 258
612 754
694 319
781 941
346 106
47 910
116 528
194 430
116 326
927 594
845 453
964 469
752 723
308 81
310 739
203 295
924 875
726 187
543 531
568 197
626 71
755 409
424 733
620 947
5 416
722 690
319 704
468 782
131 470
513 517
138 658
985 13
697 641
957 207
800 118
857 75
783 375
217 292
862 212
754 453
203 329
204 998
779 768
784 666
322 633
714 855
353 149
923 225
242 578
563 565
309 883
734 204
922 986
559 419
67 929
712 926
927 335
88 452
126 156
364 828
408 459
335 176
581 200
263 900
179 604
383 644
826 356
849 512
395 442
281 236
154 866
887 788
67 735
784 245
278 643
466 867
286 142
718 141
723 443
759 803
798 357
437 147
310 131
993 515
941 355
266 45
858 387
396 856
974 469
681 904
30 429
656 620
209 818
769 259
428 194
721 10
388 879
959 16
437 813
964 442
128 292
989 793
259 986
367 933
575 192
360 674
659 710
911 194
494 280
649 471
777 234
62 124
618 948
748 523
51 461
415 852
166 14
185 851
118 311
374 173
502 918
51 378
624 648
96 933
189 216
209 762
47 238
354 874
985 105
860 959
791 767
978 802
192 851
320 152
395 726
216 89
824 593
17 88
277 742
481 395
325 810
140 331
2 351
59 402
131 97
26 329
245 67
248 473
961 131
965 858
508 795
490 378
183 781
663 7
690 163
967 532
259 715
395 773
255 384
897 603
1 398
225 104
723 217
144 867
879 986
52 628
810 875
6 552
408 295
84 660
568 857
720 832
862 93
817 14
283 918
417 408
112 708
612 965
595 241
614 191
3 946
193 901
106 494
112 851
465 5
484 295
436 642
823 822
11 533
534 719
607 911
731 883
872 712
957 466
215 1000
163 603
919 932
457 426
636 272
290 330
995 403
764 204
156 567
12 771
218 783
384 698
367 953
686 839
699 986
618 537
342 137
933 570
772 376
85 217
749 194
252 382
878 414
420 594
94 393
791 573
730 145
63 83
701 272
938 930
388 438
321 940
138 682
43 117
734 328
146 209
476 584
206 547
283 488
549 989
342 565
36 736
936 302
867 246
260 1000
527 938
680 787
308 828
718 879
679 735
188 26
248 501
102 496
766 603
805 133
830 552
687 161
33 840
148 623
995 602
942 81
480 266
249 894
291 97
206 332
153 64
528 423
292 925
846 284
261 746
776 834
392 791
671 915
784 317
396 691
962 664
104 656
160 642
512 727
803 504
107 551
533 207
556 224
82 235
376 964
584 233
840 115
592 532
8 933
461 245
155 822
745 58
599 819
379 340
986 308
234 561
879 35
774 85
940 357
464 54
906 213
122 702
46 800
335 88
381 431
313 183
356 269
405 655
392 290
886 607
43 787
152 738
150 957
872 81
240 611
513 767
739 771
702 149
647 524
744 939
601 806
753 163
221 973
976 334
212 752
895 541
934 75
256 878
131 266
869 622
505 219
303 8
35 742
821 971
790 522
204 963
23 409
600 521
136 355
9 763
108 103
420 187
682 274
121 395
669 568
984 22
288 541
420 10
723 947
101 843
652 333
305 894
123 233
41 743
638 397
201 14
828 509
297 611
905 892
214 772
399 690
185 514
662 124
349 271
153 92
10 511
763 769
361 449
417 471
490 231
408 142
29 546
196 21
324 98
608 957
951 135
845 896
751 469
427 875
237 592
59 868
708 31
790 745
963 960
417 162
609 694
208 233
100 303
858 351
821 329
380 47
16 736
347 222
789 811
792 65
388 884
25 598
321 447
113 829
441 774
685 539
376 897
208 934
743 910
66 28
752 547
916 640
958 31
557 178
969 806
596 515
754 448
887 28
356 580
761 802
587 448
255 342
353 458
648 45
134 879
526 157
780 398
758 410
725 195
52 659
348 762
913 656
502 218
231 143
752 126
537 614
330 172
701 939
80 827
248 301
763 606
2 154
371 425
226 255
115 940
73 480
571 353
516 550
276 323
871 178
90 613
255 93
720 756
167 555
441 321
153 425
963 408
980 538
721 734
573 661
829 158
546 209
664 842
93 560
332 968
266 42
73 572
845 134
39 211
673 772
119 417
161 65
345 412
381 486
608 278
664 104
424 781
152 316
726 506
780 646
142 667
159 731
280 480
924 985
617 345
85 339
891 608
367 533
774 876
661 615
114 220
721 324
584 588
35 832
915 484
701 267
276 682
649 176
868 152
245 837
855 518
810 133
791 125
151 159
1 423
912 445
252 936
239 966
863 152
204 523
153 559
500 402
909 416
355 698
380 203
990 21
900 293
494 964
580 785
224 694
718 643
991 757
406 21
83 392
487 410
990 311
538 348
956 227
685 475
509 366
801 906
197 1
148 571
596 93
560 523
832 800
836 1000
908 461
75 556
859 537
292 890
594 806
686 174
745 402
708 290
943 709
380 659
16 876
436 621
189 454
321 624
223 692
122 923
423 310
582 553
72 418
984 1000
129 813
744 500
707 776
997 410
694 689
884 432
474 630
964 264
471 264
973 198
223 507
759 725
264 882
124 108
254 763
886 728
243 582
392 150
339 349
748 729
167 369
151 620
284 51
86 131
913 453
365 184
347 597
648 822
176 980
249 487
13 988
660 715
682 29
22 618
278 448
460 419
37 558
790 623
518 574
978 775
448 42
529 279
325 892
736 829
751 86
278 290
28 349
586 339
42 805
944 921
412 595
586 418
474 888
837 439
595 336
922 992
157 885
68 432
328 285
531 94
292 184
790 171
331 658
453 446
451 473
755 519
278 646
249 750
324 123
931 80
849 489
297 800
393 545
488 993
419 277
2 791
578 822
689 119
29 718
341 716
345 649
385 233
388 627
614 43
263 301
910 792
90 895
94 927
628 243
578 184
426 349
438 472
209 244
156 405
103 784
933 763
290 867
256 291
919 824
118 218
414 12
307 912
902 825
6 258
544 677
262 664
601 948
75 301
88 578
482 297
433 875
604 544
18 199
773 949
276 755
479 404
299 562
247 985
433 708
218 398
222 462
204 877
668 60
139 822
467 421
395 640
624 800
100 571
807 683
353 286
333 800
209 850
553 501
204 595
795 80
263 942
576 161
465 998
301 376
766 628
767 389
625 436
74 178
882 287
421 687
885 74
23 239
250 467
801 961
487 794
317 639
275 899
279 551
852 347
318 379
126 64
628 386
497 640
334 13
272 462
495 250
816 139
990 242
46 752
187 739
543 333
816 26
376 993
398 601
181 184
589 267
689 381
121 787
694 974
517 591
276 851
133 950
561 955
800 605
964 320
238 37
134 153
173 810
413 375
697 52
811 141
282 690
269 408
934 394
864 690
169 796
96 812
646 317
583 881
164 513
899 590
807 873
369 837
677 333
164 400
166 194
631 26
282 967
895 897
93 391
899 876
38 264
386 809
923 114
905 451
725 194
139 675
175 225
507 561
681 36
523 331
483 150
911 578
736 596
628 546
735 782
39 775
852 42
102 441
528 288
446 799
250 388
412 923
514 335
110 916
258 49
480 129
942 31
945 329
934 580
511 460
188 801
248 12
712 699
568 959
978 418
344 654
609 390
839 610
6 876
760 632
764 742
512 737
968 483
162 422
533 149
384 148
394 627
478 968
121 717
394 21
860 160
453 758
682 704
241 560
721 878
295 215
668 787
9 442
281 445
449 547
111 95
556 56
205 38
557 273
392 413
946 988
582 748
52 367
713 531
902 231
866 761
172 960
673 237
638 37
237 230
225 970
9 229
835 145
873 998
251 950
893 507
96 857
762 566
307 889
626 105
226 891
800 950
433 691
549 709
249 517
702 61
740 368
619 641
714 919
347 790
481 280
243 937
180 778
195 842
986 579
994 703
900 407
814 437
464 857
943 19
805 663
969 652
531 405
148 887
149 538
459 606
582 681
562 261
304 541
61 367
762 204
268 15
966 434
328 482
681 290
19 839
168 139
116 321
960 231
605 131
111 590
610 379
776 729
561 293
282 270
410 379
352 198
428 107
67 701
879 698
920 307
297 852
1 72
23 731
245 935
431 794
425 305
847 949
864 847
257 279
276 53
3 791
483 619
335 714
584 94
693 292
786 646
271 882
146 232
354 644
707 152
47 731
195 460
322 75
599 15
394 506
406 825
40 832
838 860
87 456
386 884
720 59
498 905
427 399
45 835
751 662
39 314
8 190
322 362
273 950
915 259
972 240
701 302
134 677
283 125
1000 761
599 435
436 405
277 663
304 731
435 215
123 394
516 20
368 210
886 52
136 728
602 631
197 305
986 726
351 950
115 728
136 679
781 9
163 334
64 778
495 557
150 88
945 256
395 803
468 363
309 937
299 228
80 915
547 421
175 620
605 231
272 197
834 489
314 960
116 468
922 131
64 679
463 289
223 492
286 298
36 309
312 372
840 966
465 215
516 654
349 715
153 352
360 316
234 285
822 394
805 680
629 948
461 98
323 65
659 539
129 776
295 159
613 352
704 644
523 120
742 844
655 591
327 526
929 146
533 272
464 455
268 847
753 327
831 169
556 806
995 286
105 580
722 717
542 352
856 743
880 198
748 589
622 978
311 841
94 363
833 201
248 855
229 700
583 797
584 901
772 184
147 649
41 398
647 812
174 690
636 873
217 205
760 518
227 292
359 291
469 495
587 4
571 667
808 311
827 757
644 965
630 250
834 503
230 724
66 621
833 541
382 787
681 88
904 635
503 788
980 76
734 215
516 302
573 203
497 106
746 641
982 769
948 657
163 507
76 904
572 5
486 947
10 618
967 942
644 537
520 519
33 948
471 703
750 811
902 826
77 387
760 251
906 691
174 443
486 377
971 923
760 106
673 629
6 586
859 878
603 855
309 321
38 641
720 552
423 505
996 397
233 959
660 228
8 579
261 383
745 20
216 742
103 678
659 420
676 387
811 161
295 16
389 475
212 850
125 987
933 670
642 733
366 479
208 9
337 683
13 688
588 292
146 339
661 464
459 152
137 108
502 798
998 691
674 861
804 796
459 108
313 435
904 202
427 471
985 481
659 96
971 146
863 384
560 794
32 116
605 841
752 259
311 706
222 765
359 758
363 243
934 196
402 429
518 519
946 302
620 409
452 571
515 799
628 956
353 170
999 823
963 627
74 68
40 76
443 921
592 194
504 153
305 920
187 870
970 922
828 44
41 934
943 973
381 826
326 833
171 896
427 538
988 602
176 794
710 987
289 605
550 624
349 273
760 168
922 251
923 558
83 189
770 439
903 241
747 499
965 328
664 989
229 400
8 769
524 377
195 181
935 689
190 504
390 238
35 705
307 700
876 955
612 657
974 472
998 482
547 774
533 487
646 78
394 955
640 19
879 202
911 847
590 283
777 158
480 778
924 987
322 101
177 814
854 15
749 421
403 604
688 525
322 263
964 746
307 233
180 153
956 714
494 633
815 257
145 151
271 499
114 564
633 540
173 705
890 181
84 364
478 197
711 65
217 261
438 697
424 105
995 786
619 942
247 609
785 80
202 34
848 752
26 340
603 374
456 312
719 281
84 800
784 54
178 285
272 218
83 232
125 194
936 768
519 743
131 574
104 552
547 230
486 182
530 894
484 339
124 682
371 963
153 308
172 240
798 324
680 587
837 738
56 553
878 829
370 975
941 725
